row  column  P-K  s(P-K)  S-K  s(S-K)  Cl-K  s(Cl-K)  Ar-K  s(Ar-K)  K-K  s(K-K)  Ca-K  s(Ca-K)  Mn-K  s(Mn-K)  Fe-K  s(Fe-K)  Cu-K  s(Cu-K)  Zn-K  s(Zn-K)  chisq
0  0  14.7262  12.2942  71.3263  16.1681  820.695  33.8907  25249.6  161.964  1153.96  47.2055  55.3444  15.85  8.1105  52.128  41.4813  20.1484  39.3812  24.2251  31.3345  23.8521  1.22236
1  0  26.45  12.8523  59.0864  15.452  498.413  27.6292  25072.5  160.338  657.838  39.3543  5.74935  12.8516  37.1255  41.4528  61.7781  19.214  30.5759  21.3334  5.50724  20.2824  1.2789
2  0  13.1096  12.0821  121.691  17.8096  569.266  29.0162  25267.3  161.676  966.691  43.7949  15.7333  13.8307  0.53489  48.8744  264.173  26.2214  68.1999  23.543  5.03054  21.6875  1.32285
3  0  379.239  28.5363  1706.94  49.6255  2487.33  59.104  24063.9  162.496  7946.69  101.747  531.532  36.438  7.54333  29.3203  579.285  34.2148  64.855  23.2503  360.136  30.9414  1.22019
4  0  417.496  30.2116  2301.35  56.7307  2929.8  64.2738  23982.9  163.155  10554.6  115.395  754.692  40.9217  13.8654  27.6494  674.441  36.2293  39.0295  23.7078  707.448  38.2507  1.15662
5  0  150.223  20.3736  725.862  34.035  1446.65  45.257  24474.9  161.281  3250.91  69.4376  268.466  25.5015  30.4797  38.3606  746.072  35.5824  2.20355  20.911  77.5411  23.3642  1.08563
6  0  152.072  20.2234  547.217  31.0055  1453.4  45.337  24632.6  161.535  3266.28  69.7063  141.343  23.1699  48.7905  40.3743  605.652  34.1134  89.4148  23.6577  46.7072  23.1073  1.18339
7  0  62.6753  14.6763  165.822  19.7473  621.069  30.4272  25208.8  162.207  1504.55  50.9893  114.326  18.5434  21.5286  42.4978  344.942  26.7808  66.3642  22.4891  12.0631  19.9156  1.26161
8  0  242.812  23.3326  745.436  35.4326  2120.15  53.7447  24484.3  162.287  5609.11  87.0243  429.512  31.6041  26.0893  36.5827  2267.22  56.1197  7.62113  22.627  23.5466  23.2101  1.04895
9  0  76.3324  15.4187  184.693  20.2225  762.751  33.182  25139.5  161.812  1566.55  52.3431  93.2594  18.0365  45.5867  48.7657  602.597  33.7993  0.205457  23.2233  9.67958  23.3308  1.20039
10  0  33.7367  13.3917  114.497  17.4906  438.369  26.2006  25256  161.659  614.541  38.3369  80.2201  15.026  23.7273  51.508  388.047  29.2813  73.5739  24.1168  23.2429  20.4852  1.30273
11  0  236.359  23.3127  848.716  37.1555  2320.08  56.0032  24658.9  163.334  6953.44  95.7894  607.942  36.6927  15.4522  35.106  5520.11  81.5443  90.164  25.0434  148.028  26.2022  1.20296
12  0  288.816  25.2809  618.185  33.6662  2039.7  52.9739  24548.5  162.824  5866.31  88.9031  335.137  30.8809  56.753  37.1933  1404.73  46.7508  64.1137  23.4865  103.684  24.6649  1.20806
13  0  514.412  31.5824  929.329  41.1128  3641.62  69.4082  24261.4  164.188  12159.4  123.213  903.008  45.5467  12.6158  31.3833  6770.27  90.8707  80.757  26.405  356.004  31.4271  1.27777
14  0  388.687  28.7783  921.635  40.5229  4108.83  72.6517  24527.3  164.277  9975.05  112.049  410.71  35.4034  25.0031  33.7905  4320.98  74.6611  85.8196  25.3883  138.989  26.3936  1.08543
15  0  36.0403  14.4422  101.014  18.2288  806.44  33.8664  25489.5  162.43  1326.08  49.6499  2.57764  10.612  15.6761  36.7223  100.441  21.1343  0.762643  18.6287  21.4533  19.885  1.15182
16  0  38.0984  14.8221  140.073  20.2178  1166.91  39.8341  24817  161.613  2287.58  59.5125  2.86844  14.6444  8.32293  43.3064  842.71  37.6549  52.0017  22.8921  32.041  22.4557  1.14179
17  0  5.45012  12.1622  82.8801  16.7975  760.712  32.8535  25503.7  162.121  1071.74  45.3224  0.391437  12.0404  29.4235  38.9536  82.156  19.3392  96.5502  22.7017  40.8846  20.6447  1.31732
18  0  108.62  18.3851  274.429  24.9022  2265.28  53.8382  25095.8  164.584  4729.98  80.6211  77.2769  21.8292  43.8889  32.2237  227.419  25.107  1.18678  20.3006  15.5562  19.9238  1.13367
19  0  92.0571  17.598  145.608  21.4187  1972.59  50.3621  25058.7  163.796  3949.93  75.61  69.7266  19.8232  13.9116  34.465  133.117  22.3962  75.0169  23.4706  17.9946  20.1413  1.11233
20  0  154.532  21.5588  408.795  29.8827  3219.91  64.7912  24788.3  163.969  7566.14  98.7204  129.028  27.1597  32.3197  32.3008  598.965  34.3785  10.7552  21.4331  29.198  22.8208  1.13636
21  0  148.407  19.7211  196.637  23.2531  2883.53  60.1963  24761.2  163.885  5858.27  88.5911  149.427  24.7165  5.80362  30.7776  332.737  28.6983  51.0062  22.4167  15.2214  20.2257  1.21507
22  0  39.1684  15.0757  118.969  20.347  2341.99  54.4466  25242.2  163.649  4292.41  77.028  47.8366  19.7818  46.3901  35.3742  282.238  26.4709  34.9099  22.6474  11.7685  21.5789  1.18581
23  0  83.5547  15.5897  133.072  19.0136  1788.69  47.8703  25386.9  163.816  3178.61  68.1747  70.1284  18.8331  19.7834  33.5006  168.428  22.6656  7.11746  20.167  32.009  19.1102  1.24179
24  0  125.727  20.4459  410.012  29.5761  3658.61  67.4859  24800.6  163.975  7749.18  99.4148  94.956  25.4922  4.01137  35.5246  3829.39  70.2692  39.0104  24.6435  3.17808  23.8185  1.10275
25  0  176.213  23.679  505.194  33.2771  4149.01  72.3365  24584  164.607  9079.06  107.232  160.803  28.5589  35.0834  28.4777  611.568  35.3599  77.9899  23.9667  51.0824  22.9111  1.14884
26  0  97.2645  17.9441  350.615  25.7968  910.692  36.4805  25674  164.154  1912.82  56.3982  109.452  19.1607  18.3481  46.7657  374.759  29.7292  44.1765  23.2153  0.505389  22.097  1.31589
27  0  334.688  30.3529  1967.45  55.0394  5923.88  87.0829  23760.2  164.178  14231.9  132.788  1050.59  49.1956  9.38892  24.4608  22399  156.212  43.7433  30.1398  552.357  38.8751  1.36369
28  0  411.443  29.4854  1679.74  49.853  3604.1  69.2249  24142.5  163.922  8727.04  106.866  1170.84  46.8611  15.543  32.5271  2404.76  57.2848  235.339  28.9145  306.528  30.6528  1.18185
29  0  174.546  20.8056  697.449  34.1579  2494.32  57.0161  25025.1  163.898  4710.43  81.6869  640.173  35.5473  49.005  37.2917  2737.82  60.3275  121.77  25.3627  141.007  25.9604  1.19652
30  0  30.6576  14.8555  118.255  19.6784  2000.72  50.4553  24682  162.054  3605.78  72.6596  154.603  21.942  28.8747  33.0639  122.245  22.0067  27.0159  21.9027  30.4081  21.898  1.1873
31  0  27.3683  13.0422  96.8322  16.8358  431.965  25.9314  25374.8  161.158  385.763  33.5596  64.1652  13.4207  17.5787  35.2714  54.6449  18.3132  58.7009  21.2125  2.68753  18.641  1.22756
32  0  92.5696  16.6267  371.565  25.6057  899.792  36.6084  25137  162.021  1578.37  52.325  178.79  21.0898  31.1625  41.1202  342.825  27.4563  43.4267  21.7671  10.0652  20.6141  1.39902
33  0  50.0941  15.1315  233.469  22.4287  1588.04  45.1607  25005.9  161.861  1259.94  49.254  443.009  27.719  24.6868  38.9537  217.569  25.2639  7.95778  20.5139  21.3625  19.1301  1.4038
34  0  469.023  30.3848  1756.18  50.235  2355.78  57.9179  23948  161.926  7171.08  97.4489  631.051  37.2245  35.7891  33.2917  641.655  35.1361  77.4529  24.4302  406.35  32.9875  1.13305
35  0  391.369  28.103  1496.58  47.9279  1760.8  51.4119  24562.6  163.403  6922.4  95.8895  592.481  35.5595  10.4873  33.1838  589.476  33.976  45.537  23.237  423.354  31.9083  1.16312
36  0  97.7321  16.1386  256.154  22.2256  643.478  31.2199  24890.2  160.576  1348.02  48.4742  53.9853  15.4911  11.6582  41.0345  630.001  33.9393  5.04543  20.1845  15.1402  19.7761  1.25857
37  0  47.3931  13.0272  109.747  16.4259  339.847  23.7047  25415.7  161.391  530.89  36.4447  13.6065  11.4826  37.8912  55.2727  120.748  22.4585  61.169  24.57  18.4249  22.4004  1.20316
38  0  139.604  18.7894  316.326  25.1423  1108.53  39.9615  24816.8  162.108  3106.39  67.355  133.036  21.2973  28.9895  45.3344  1487.29  46.503  91.339  23.7282  45.4222  22.7801  1.17535
39  0  99.0379  17.379  259.951  23.0428  674.876  32.4073  25019  161.579  1721.09  53.9052  110.486  18.8301  12.0414  39.7581  531.756  32.2379  35.9524  21.1206  20.3128  18.813  1.10681
40  0  315.124  24.9061  658.36  33.7503  1683.26  48.5637  24725.5  162.853  4895.58  82.2209  408.969  31.0667  26.0413  37.7537  799.91  37.5826  24.5161  21.5436  66.9357  22.9664  1.28106
41  0  106.237  17.0834  253.246  22.4614  670.211  31.6466  25160.5  161.75  1535.9  51.8087  114.384  18.3009  1.91169  44.2796  607.44  33.661  19.5594  20.6365  18.1061  19.8158  1.27464
42  0  2224.94  56.4901  2781.94  65.3647  5213.33  85.4209  22857.6  163.442  23077.7  166.379  2341.58  67.4872  3.6638  27.1049  9892.45  109.402  91.2948  27.7917  724.808  39.6168  1.2092
43  0  51.6997  14.1004  149.923  18.9395  540.213  28.6252  25722.5  162.655  1048.87  44.0054  63.816  14.6246  70.1042  39.6237  669.185  35.0794  44.2026  22.2551  20.016  19.3122  1.1906
44  0  55.027  15.4682  194.985  21.0162  915.611  35.9783  25576.3  163.176  1884.67  55.4044  45.6978  16.6156  54.6081  45.8701  2101.75  54.0416  47.2992  23.4659  15.2206  22.0782  1.23228
45  0  334.958  27.9571  1371.68  46.8204  4914.94  79.0344  24309.4  164.402  12822.3  125.157  313.548  36.1004  41.7367  27.0241  12408.9  118.338  41.1031  26.1436  219.732  29.915  1.28198
46  0  199.912  22.9758  674.857  34.634  3302.99  65.0043  24411.2  162.844  8099.51  101.282  157.671  26.8  32.5354  32.9559  5388.96  81.001  52.9755  24.2392  82.8302  24.0595  1.27635
47  0  118.522  18.6496  187.916  22.2752  1602.3  45.9341  25443.4  164.817  3311.28  69.1898  83.6414  20.3648  87.4967  37.3228  412.463  29.1163  4.26273  20.3032  3.6484  19.7567  1.12797
48  0  28.3164  15.3083  28.3082  19.1942  1115.81  40.433  24718  161.728  2668.56  63.5887  59.9516  20.2429  65.5135  40.7672  2201.96  54.5382  11.3312  21.9227  8.57347  21.2044  2.26954
49  0  107.553  18.7568  248.861  24.5963  2354.89  54.7669  24849.9  163.081  5156.99  83.6141  72.7698  22.1805  79.9346  38.4744  389.808  30.9308  51.5759  23.5123  36.1426  21.322  1.20595
50  0  136.815  20.3994  307.909  26.6035  2349.05  55.0125  25058.3  163.816  5447.35  85.3329  72.7254  22.7622  41.7676  32.9752  549.964  33.7492  18.0689  21.289  16.6023  19.9462  1.07711
51  0  26.2944  13.257  110.413  18.085  1274.35  41.2749  25394.2  163.024  2097.01  58.4523  21.4962  15.3757  21.3736  34.3506  196.916  23.4137  12.9494  19.7501  17.1822  19.105  1.16758
52  0  124.924  18.5243  361.136  26.9822  2982.8  60.9032  24928.3  163.395  6200.85  89.96  23.3237  22.5469  35.6522  34.7342  3221.84  65.1064  50.5441  24.3329  5.36495  22.3059  1.12685
53  0  165.358  22.6738  976.452  40.0751  4146.72  72.2777  24646.4  164.3  9435.5  108.743  195.391  29.0066  0.146433  27.8896  10609.8  109.446  13.0927  25.2138  71.345  26.0608  1.24494
54  0  67.198  16.5324  237.653  23.5316  2121.82  52.1653  25344.3  164.105  4001.97  75.1389  91.7826  21.6505  94.8294  41.5664  1895.93  51.7721  13.2818  22.3421  28.9786  22.7477  1.2111
55  0  103.623  17.2147  183.267  21.9149  1825.28  48.3721  25409.9  167.444  3566.36  71.258  128.061  21.6678  58.9164  36.974  399.223  28.6059  2.01636  20.6634  8.01015  20.7137  1.28557
56  0  237.518  26.121  1184.85  44.3356  4817.45  77.9629  24488  164.679  9572.56  110.635  814.474  41.4017  11.4044  31.6251  1965.32  53.9858  135.758  26.3773  85.271  25.1812  1.21777
57  0  27.2978  13.1689  78.1711  16.6357  493.529  27.6001  25984.9  163.595  683.097  39.1256  457.792  26.3066  38.1683  40.3387  154.693  22.5175  67.0343  22.0052  0.636589  18.3727  1.20402
58  0  52.7302  13.6546  89.2489  15.763  350.951  24.0816  25849.9  162.524  343.376  32.2807  304.968  22.2784  23.6652  49.2235  138.634  21.9741  67.1993  23.0609  4.62696  21.1703  1.20742
59  0  55.3525  12.9773  145.707  16.7288  354.335  23.1057  26018.9  162.48  296.937  30.0324  108.619  14.6834  79.3216  42.6441  61.4316  19.3888  46.826  21.8257  8.68558  18.9889  1.29781
60  0  38.2556  14.2099  82.3148  16.8362  789.938  33.4137  25465.6  162.79  980.057  44.6216  87.696  16.4848  0.349557  36.3971  139.714  22.1531  26.7486  19.836  27.9574  20.0605  1.14292
61  0  361.557  28.6477  1409.52  46.2125  2809.9  61.9146  24001.7  163.042  6822.05  95.9211  787.106  39.3954  32.9521  34.0094  1286.79  44.59  100.433  25.339  267.741  28.9216  1.15652
62  0  417.336  28.1392  1349.09  44.2805  1830.37  51.1923  24479.5  162.449  4963.62  83.4525  366.205  30.8157  28.9321  34.4904  595.492  33.7469  21.9779  22.5849  237.104  28.6023  1.16777
63  0  181.934  20.8242  567.533  31.2193  1166.93  41.5964  24825.1  162.232  3004.15  68.1199  269.516  25.8738  27.1728  39.2114  236.067  25.7705  0.778435  21.4066  21.8691  22.3726  1.20529
64  0  559.475  32.6924  2461.06  58.2092  2853.82  63.87  23690.5  163.819  11559.7  120.226  782.901  42.8601  17.1655  28.5692  923.783  41.5991  108.636  26.1639  525.269  35.7772  1.17401
65  0  279.789  24.6431  1560.96  46.5966  1873.81  51.7504  24233.2  161.719  5254.18  85.4542  533.9  34.5378  87.4268  38.9865  2165.76  54.748  216.093  29.0987  308.776  30.8755  1.26739
66  0  226.794  23.158  961.995  38.7527  1711.83  49.3595  24443  162.049  4352.63  78.5754  380.022  30.203  29.4835  35.8389  853.882  38.5013  67.7248  23.7146  54.2046  22.8005  1.18231
67  0  38.6844  13.5115  128.098  17.5649  376.407  24.5806  25309.8  161.121  399.724  32.3958  49.3319  12.5139  21.6244  38.1053  176.334  22.9973  38.2009  20.9688  30.696  19.7505  1.13615
68  0  59.6647  15.0982  270.183  22.9288  824.96  34.4586  25122.4  161.846  1937.23  55.9573  127.125  19.7293  27.9732  46.689  1704.61  49.1023  33.9006  22.5807  8.22753  21.9765  1.29943
69  0  61.2372  16.7213  322.662  25.9652  1074.93  39.6235  24896.3  162.148  3280.36  69.2254  232.473  24.9244  9.95198  41.7932  2314.71  55.4533  51.2091  22.4721  94.1899  23.8256  1.35055
70  0  76.9888  15.8981  191.771  20.6872  565.556  29.7723  25172.2  162.389  1307.85  49.0365  74.4175  17.3771  23.8173  44.8603  298.17  26.3783  90.103  23.7925  0.120277  20.0115  1.08138
71  0  143.044  18.6572  350.318  25.9022  1089.46  39.6603  25153.5  162.829  3092.83  67.5147  148.878  22.0314  16.1594  45.7715  930.629  39.7329  0.171508  21.9616  71.9731  24.3359  1.14223
72  0  378.716  27.4545  940.373  39.2174  2027.75  53.5888  24806.6  164.019  6918.02  95.7732  600.628  36.6197  18.4741  36.4682  1541.95  48.0076  47.8983  24.2698  99.0051  25.2324  1.15021
73  0  20.692  13.1884  131.556  18.3917  384.219  25.3691  25641.3  162.802  744.979  40.444  79.445  15.6876  23.1263  42.3331  197.239  24.5497  10.7269  19.9619  8.88234  19.0294  1.15715
74  0  65.5308  15.819  281.435  23.9303  966.855  37.1597  25282.6  162.866  2257.54  58.7751  51.7664  16.1809  34.3019  40.7092  1511.9  46.153  32.5745  21.9716  10.076  20.8941  1.11694
75  0  37.5443  13.2393  134.121  17.934  506.54  27.5546  25714.1  162.601  750.789  39.5217  51.081  12.5334  29.942  37.3226  212.994  24.3884  21.9826  19.3722  22.521  16.9602  1.29904
76  0  151.618  19.9548  275.582  24.8921  1542.07  45.705  25067.1  163.025  3465.54  70.6921  45.6889  19.3269  35.7951  36.1079  537.97  33.1019  29.3682  20.9729  41.0032  21.1936  1.27685
77  0  215.221  20.4441  245.868  22.9072  1055.81  38.8208  25307  163.207  2355.47  61.4413  81.5854  19.0918  26.9902  42.0056  344.723  27.9939  5.70612  21.6103  3.79984  21.5638  1.17551
78  0  77.3234  17.6874  238.664  24.3016  1618.12  46.6528  25384  164.264  3744.36  73.0007  50.4819  18.9517  39.5652  36.4294  341.558  28.2413  4.25132  20.1519  9.06878  19.5365  1.13036
79  0  247.453  24.6016  623.652  34.7323  3854.13  69.8045  24712.3  164.595  10446.8  113.725  171.148  29.264  32.7987  33.6213  1657.36  52.3134  76.0436  24.5615  83.5316  24.4872  1.20021
80  0  25.4274  14.2531  99.0199  18.3258  1009.54  37.4154  25796.8  169.299  1693.51  53.0809  32.8591  14.7339  13.8164  33.6507  136.62  20.7444  30.4494  20.5089  12.8475  18.5686  1.21029
81  0  50.5735  14.0958  143.047  18.9729  820.596  33.9805  25691.7  163.339  1631.46  52.6827  9.70275  14.839  73.3799  33.6774  278.782  26.5323  3.4401  20.0037  1.02389  18.0658  1.37539
82  0  131.687  21.8505  828.617  38.1143  3678.07  68.5007  24483.2  163.462  9401.24  108.297  91.8658  27.5752  23.146  28.3919  10733.6  109.827  70.1688  26.2905  95.7883  26.6979  1.12249
83  0  152.779  20.213  631.581  33.1017  3223.83  63.7053  25005.1  164.414  7656.93  98.906  167.815  27.1991  50.6901  33.0377  6957.01  90.1443  53.5075  25.3967  42.8913  25.0965  1.07541
84  0  69.5685  15.1639  81.415  16.5518  817.027  33.7571  25867  163.56  1000.11  44.4986  60.8069  14.8086  58.3084  38.2878  177.376  22.7493  32.9127  20.1606  9.75491  19.768  1.40898
85  0  413.559  29.6048  1532.62  48.1882  3888.64  71.1813  24533.5  164.437  8811.72  106.933  789.869  40.5515  17.9672  33.769  1751.95  51.2276  94.2741  26.8102  207.563  29.5063  1.17556
86  0  63.344  14.5022  205.869  20.8008  1016.41  37.4322  25523.6  163.323  1752.4  54.0331  140.852  20.1561  79.6921  43.6951  501.424  32.1148  63.5354  23.2625  15.5355  22.0057  1.16832
87  0  70.552  14.5788  84.375  16.1516  523.566  27.9922  25706  162.756  729.404  40.6765  798.01  32.8243  34.0693  38.8926  143.411  22.0155  14.8047  20.4  19.4266  19.8239  1.30455
88  0  67.0355  13.7448  93.2705  15.4812  340.109  23.0405  25646.5  161.725  224.785  28.2615  68.1204  12.2689  67.0649  39.3601  87.9565  19.933  17.7525  19.2191  13.9649  19.4758  1.35969
89  0  14.8802  12.5151  84.2303  16.0887  299.602  22.5732  26220.9  163.272  194.088  28.7338  36.2907  11.7283  29.3157  39.5008  49.9544  18.818  38.9405  21.2658  51.3077  18.2884  1.27328
90  0  45.7284  14.7488  80.2807  17.2071  662.617  31.1704  25278.5  162.272  838.316  41.9052  29.1305  13.9643  12.1777  38.1498  90.1018  20.4547  67.6103  21.6518  3.89139  18.8957  1.17582
91  0  251.687  23.1497  767.627  35.3268  1951.66  51.5458  24529.8  162.11  4292.14  78.1696  364.32  29.7369  38.1418  40.3822  735.336  36.9861  68.0642  24.1791  118.838  25.0944  1.21249
92  0  1219.91  44.6176  2626.75  61.4253  4302.45  76.6742  23626.9  163.524  12047.4  124.028  1263.14  50.5656  33.7701  28.3661  1376.89  46.8927  99.7284  26.3298  862.401  40.7386  1.27284
93  0  372.82  28.2703  1544.01  47.9262  2414.93  58.4261  24293.1  163.474  8071.16  103.066  638.252  39.0796  20.5715  33.5853  837.056  39.7281  18.9888  24.1546  190.287  28.7145  1.14623
94  0  106.765  18.1387  439.661  28.1203  897.455  36.8068  25084.5  162.187  2286.93  59.9125  185.159  22.0164  28.4351  41.9399  1113.18  41.2459  98.6501  24.3303  76.8852  23.181  1.22042
95  0  150.36  20.0471  558.905  31.2081  1151.71  41.3259  24770.1  162.252  3678.6  73.2007  418.463  30.5192  29.7701  42.125  1292.47  44.6112  83.1888  24.5644  316.004  30.4076  1.32408
96  0  550.615  30.6734  1274.62  44.2886  2232.4  56.3494  24537.3  163.591  8061.19  102.251  669.981  38.5992  31.9452  33.2175  2811.38  61.3945  43.364  24.0811  196.855  26.8298  1.33833
97  0  346.706  26.8888  803.055  37.019  1780.83  50.5996  24584  163.03  6174.52  91.011  559.352  34.1535  16.5485  37.3808  1527.25  48.9701  78.1873  23.8988  96.1212  24.136  1.13871
98  0  78.8575  15.9639  118.31  17.8777  444.259  26.8445  25487  162.167  770.617  41.8848  73.1979  15.033  18.4224  36.7471  107.157  21.0546  37.8208  20.5991  9.72162  17.7825  1.12901
99  0  58.626  14.2063  142.433  18.0392  382.836  24.786  25229.9  160.813  618.441  38.093  42.5492  13.2107  57.9153  47.3115  105.622  22.6374  78.4949  24.3306  14.8382  22.1598  1.30733
100  0  37.5512  14.0698  115.542  18.0157  385.074  25.5173  25211.3  160.834  620.048  38.0838  3.03397  11.8759  4.48254  39.9803  150.653  22.5033  2.3025  19.5257  18.4364  20.0031  1.18291
101  0  61.9093  15.4092  115.962  18.0021  412.392  25.9638  25701.3  163.193  770.353  40.4473  49.6524  13.7671  7.72908  34.7056  214.981  23.5963  84.8659  21.8902  28.1699  17.6323  1.2244
102  0  1997.55  53.6158  2938.48  65.3472  4011.66  75.9285  23161  162.984  19495.2  152.936  1381.68  55.5588  4.75056  27.6286  6317.81  90.1939  157.395  29.0001  720.43  38.3674  1.23597
103  0  325.917  25.0019  583.39  32.378  1331.5  44.3032  25136  164.002  5214.64  84.1797  239.868  27.1055  37.1902  42.2595  1479.9  47.694  73.6539  24.0502  129.678  25.8101  1.17274
104  0  248.078  22.5698  552.777  30.7179  1071.26  39.9586  25196  163.385  4276.28  76.5962  224.087  24.2448  46.8963  42.274  2519.36  57.7783  105.145  24.6835  78.8922  23.9355  1.13028
105  0  999.151  39.6165  1540.05  49.169  2740.62  62.747  24352  164.398  12663.6  125.332  863.534  44.9008  39.7946  31.784  4032.32  73.7869  116.434  27.3517  245.018  30.4322  1.26736
106  0  209.687  20.3001  370.499  25.9804  815.609  34.9433  24979.9  165.45  2491.89  61.9133  148.291  21.7425  9.5919  44.3183  621.218  33.1984  0.39861  21.1461  11.4773  21.8327  1.19957
107  0  43.8602  13.9392  153.616  18.9748  610.007  29.7962  25470.3  162.015  1034.31  45.1926  40.6951  13.2892  9.14972  37.5809  182.386  24.0556  59.5328  21.8201  8.02899  19.1202  1.27807
108  0  51.3637  13.5899  152.739  18.2161  571.171  28.7005  25589.3  162.391  947.377  43.1873  34.061  13.3331  82.1758  46.3833  210.911  25.2368  55.5616  23.387  46.6212  20.2579  1.2441
109  0  865.987  38.5097  1363.18  47.8454  3550.66  69.901  23886.3  163.633  14358.9  132.28  682.764  43.2145  54.4308  28.3688  2250.95  59.2337  99.4855  25.219  321.31  30.262  1.17313
110  0  79.2675  15.3958  151.501  19.0042  544.053  28.7404  25937.9  163.708  984.462  45.9453  94.4628  15.1619  23.6153  36.4373  156.875  21.928  52.5282  20.5369  8.7474  19.2149  1.11033
111  0  121.538  18.8395  300.915  25.0097  752.687  34.0848  25727  163.931  1898.82  56.5358  110.306  19.2022  74.4323  37.0942  257.2  25.8183  8.86356  20.4644  7.92395  19.8327  1.19765
112  0  898.505  41.5365  3759.48  72.6822  6170.97  91.3262  23234.6  164.695  22998.3  165.778  1496.32  59.1362  77.4942  29.5364  3351.44  70.3824  321.619  33.9388  627.353  39.3748  1.22934
113  0  244.348  23.9615  714.998  35.2095  2370.04  56.4875  24966.8  164.254  6184.54  90.9476  301.645  29.3533  22.8909  36.826  929.171  40.5479  22.4049  23.1622  92.8956  24.9129  1.13886
114  0  259.858  25.6726  1022.83  40.8467  2424.52  57.7293  25086.5  164.909  5964.05  89.9998  456.32  33.105  35.6374  33.8801  865.88  39.2369  114.541  24.6142  119.858  24.6748  1.19276
115  0  206.823  24.0878  767.134  37.3597  3734.51  69.5458  24475.3  163.659  8734.92  105.25  397.628  33.3575  83.9563  31.8152  2697.97  61.3478  44.0541  23.3432  160.754  26.4099  1.18325
116  0  55.3485  15.0482  153.229  19.7625  1055.44  37.8679  25528.8  163.243  1870.46  55.1211  62.7344  16.5983  44.82  36.9622  325.705  28.2683  19.6094  19.9912  7.49787  19.4641  1.12342
117  0  31.6946  14.1288  92.3326  18.1354  1122.62  38.9693  25498.9  163.324  1982.08  58.7489  52.985  17.4835  0.852213  46.6272  123.923  23.5768  54.3616  24.7171  2.98866  21.5972  1.21228
118  0  54.5033  15.3119  152.918  20.5938  1338.64  42.5055  25382.1  163.197  2566.3  62.4818  59.6391  17.8314  37.2942  44.9778  731.832  36.0387  23.8521  22.1179  32.3548  21.2753  1.16036
119  0  47.7099  13.6084  124.523  17.3325  369.001  24.4541  25805.2  164.149  466.383  34.3594  56.232  13.5191  15.3565  40.1056  90.4219  20.7166  28.6236  20.579  2.64566  19.1925  1.20541
120  0  40.1248  14.99  148.856  21.1878  2368.46  54.6235  24857.6  163.51  4638.1  80.3227  85.5214  20.975  53.268  30.9673  49.6248  19.3525  25.3701  22.5097  14.7012  21.7245  1.19761
121  0  275.295  24.3866  836.391  36.9061  1996.96  52.4988  24360.7  161.86  4690.37  81.2656  254.654  28.9875  14.0874  38.3343  672.889  36.2993  61.1726  24.5757  131.66  26.4184  1.19024
122  0  284.188  24.3645  620.087  32.7728  1269.15  43.3637  25132.1  163.418  3002.24  67.854  228.153  25.6989  7.14343  38.7394  475.663  31.661  35.0743  21.9937  57.4001  21.9397  1.05314
123  0  913.606  39.0898  2912.09  63.2642  3574.11  72.0636  23666.7  163.056  11359.6  120.61  1318.83  51.2181  1.13841  27.089  899.955  39.8331  70.7715  26.1702  761.658  39.5626  1.38947
124  0  122.807  18.5213  302.668  25.1426  1007.99  38.4002  24836.6  161.937  2185.66  59.2796  207.669  22.107  1.21896  33.3822  287.478  26.226  38.7035  20.8554  8.50614  19.9057  1.24805
125  0  651.599  34.5239  1862.89  52.7657  2826.23  63.7275  23708.6  162.543  10540.6  116.102  1215.69  48.7964  8.20093  32.1679  3154.19  66.2057  98.4274  26.1377  355.552  31.8825  1.12357
126  0  262.231  24.4989  1065.85  40.6701  2329.27  56.5533  24668.1  163.587  7234.02  97.3585  533.01  35.2717  48.7802  31.2134  8696.16  99.7625  69.3824  25.0244  309.028  30.1635  1.20097
127  0  113.815  16.1299  201.285  20.0923  452.59  26.9967  25342.7  162.684  981.269  43.8401  73.8223  15.4171  20.8286  37.9436  191.671  24.0724  34.9475  20.628  3.39747  19.1499  1.19032
128  0  1475.93  47.8289  2769.39  63.7236  3704.76  73.6625  23187.5  163.208  19688.5  153.991  1801.54  59.676  5.43338  26.9638  5601.85  86.1842  144.813  29.4796  816.294  41.2728  1.20855
129  0  855.939  37.3763  1555.54  49.3677  2771.94  63.0886  23980.5  163.343  13453.8  128.177  664.777  41.7175  30.1102  31.0282  5179.03  81.8574  111.304  26.8915  356.424  31.7959  1.14457
130  0  672.513  33.5887  1204.32  43.8435  1844.2  52.5277  24450.7  163.706  9083.37  107.583  474.913  35.8026  14.5115  35.773  1934.54  54.8136  105.319  25.9388  254.784  29.1289  1.29798
131  0  2050.1  55.2392  3491.59  71.4295  5260.99  86.1792  23042.2  164.322  27890  180.818  1479.05  60.8415  28.3061  27.8472  9528.98  108.656  147.219  30.4851  865.192  42.222  1.29389
132  0  243.527  23.7218  632.232  33.1886  1297.01  43.7697  24738.1  162.519  5425.26  84.8599  221.262  26.0189  28.7527  34.401  1826.83  50.5205  21.563  21.4018  120.12  23.4606  1.28724
133  0  1212.98  43.2288  1784.61  52.9079  3453.99  69.8026  24381.2  165.688  17272.6  143.968  759.788  44.7851  9.07092  27.6252  3384.35  70.2383  76.9313  26.0103  293.691  30.4904  1.14004
134  0  1127.32  42.0419  1817.15  52.9466  3524.3  69.8782  24021.2  164.437  16297  140.113  783.674  45.6648  39.2786  29.6425  3460.95  70.5558  74.0297  26.6961  328.85  31.9878  1.17884
135  0  1812.9  53.0204  3125.91  68.3301  5181.56  85.3591  23056.7  164.265  27001.3  178.006  1552.78  60.6528  16.361  27.4129  9582.04  109.242  192.797  30.9513  701.419  40.0085  1.27675
136  0  93.4469  16.2614  203.542  21.3507  537.845  29.5618  25282.9  165.246  1551.07  51.4076  104.65  18.7549  2.60613  43.9834  549.584  32.775  83.4299  23.1704  24.7033  20.8521  1.2714
137  0  1278.46  44.8658  2364  59.6117  4270.91  76.8931  23640.6  164.13  19293.2  151.81  1225.02  52.6226  14.4742  28.2821  7034.42  94.6545  131.956  28.4545  525.504  36.1187  1.22222
138  0  607.801  33.1515  1204.79  44.471  3054.67  64.7339  24378.2  164.374  11309.1  118.935  496.142  38.2398  38.9743  34.2834  1874.78  54.5926  54.0327  25.8424  199.016  29.3893  1.13705
139  0  686.253  35.3802  2038.03  54.9143  3293.4  68.0449  24133.9  164.434  14006.4  130.962  727.386  43.0771  22.2541  27.2606  915.281  41.6627  207.229  28.8691  348.294  32.4175  1.12593
140  0  713.807  36.8816  2498.54  60.1882  3758.98  72.74  23749.8  164.41  16501.9  141.365  781.326  46.3374  30.3456  27.5339  1353.88  48.9981  214.227  29.5387  438.532  34.2233  1.21277
141  0  679.246  36.4646  2265.83  58.1616  3930.29  73.7891  23982.6  164.869  15798.3  138.74  708.059  45.2624  45.5902  28.1496  1288.5  47.8913  88.8947  25.9524  377.292  32.2818  1.2541
142  0  655.548  34.9221  1898.91  53.473  3434.58  69.1664  24049.4  164.106  13814.6  130.31  647.31  43.4362  9.07969  28.4226  2097.99  56.4537  76.8408  27.2265  368.398  32.9897  1.10631
143  0  48.336  13.7229  150.428  18.4509  529.939  28.3044  25826  163.077  981.846  43.9914  23.8349  13.2125  25.2501  41.1823  159.955  22.9294  39.5077  21.8718  2.49291  19.9589  1.32316
144  0  64.6447  15.8237  156.368  20.1008  555.231  29.8092  25602.2  162.71  1107.51  46.611  43.3551  15.2791  46.4611  46.4969  144.082  23.2189  58.3872  23.3572  16.9729  20.9303  1.12563
145  0  676.753  36.8938  2037.81  56.5375  5522.29  85.3526  23680.1  166.788  16610.5  142.6  1244.69  52.192  10.7581  27.4029  943.37  42.9367  235.978  30.2366  513.168  35.7742  1.25103
146  0  49.7286  15.1223  165.854  20.6805  1386.76  42.9647  25739.6  164.367  2758.44  64.3486  44.2905  17.0996  45.892  39.6721  400.933  29.7514  59.447  22.9508  10.692  21.3765  1.25039
147  0  29.243  14.8668  49.6095  17.8088  1785.39  47.7577  25313.4  164.288  3314.86  70.9406  67.3173  19.7709  39.1052  37.8024  202.585  24.2113  43.8341  22.7491  2.884  20.748  1.16975
148  0  71.5579  16.9811  255.23  24.2882  2199.61  53.0231  25431.3  164.402  4753.79  80.1351  94.0753  21.5514  18.8958  37.1913  1428.86  46.8016  51.4905  23.8589  1.12128  22.3612  1.19177
149  0  68.7614  15.5144  156.177  20.667  1736.86  47.3847  25616.6  169.304  3264.4  69.3138  75.8933  20.392  49.8133  37.5397  172.676  23.6236  25.9516  21.6553  45.2686  21.5025  1.22635
150  0  121.777  20.8137  166.275  24.7379  5269.46  79.6534  24484.1  165.406  10568.6  114.994  351.474  34.5106  17.0175  27.8438  61.9909  23.0491  19.6522  24.4855  29.429  24.0871  1.11969
151  0  50.8379  13.7817  88.9627  16.5056  706.81  31.4327  25543.6  161.98  806.669  40.5925  66.1727  14.4243  24.1797  38.5929  116.115  20.5973  70.3365  21.9539  14.8609  19.3291  1.35535
152  0  37.1696  13.85  120.051  17.7844  591.095  29.5622  25595.2  162.897  992.76  43.5653  32.2524  13.4228  60.3032  39.8961  352.874  28.3748  18.7751  20.9108  19.9252  19.7235  1.08201
153  0  116.48  17.0171  353.788  25.1293  1137.01  39.6933  25272.9  162.693  2226.52  59.5348  85.9275  19.2988  11.2161  49.4195  587.424  34.4372  7.47416  23.0281  82.3565  25.0532  1.26247
154  0  149.741  20.6418  484.723  30.4133  1293.61  43.9027  24517.9  161.792  3109.68  70.816  3439.43  66.29  2.07841  38.0747  2218.78  54.5433  42.1196  22.9094  146.209  24.9189  1.45336
155  0  644.054  34.6799  1657.46  50.7472  3480.18  69.0841  23669.4  162.544  10914.7  117.775  1290  49.0738  21.4138  29.7005  8358.96  99.3579  77.6905  26.6255  459.688  34.0755  1.22465
156  0  75.0628  16.4262  207.724  21.6159  620.843  31.2228  25180.3  161.963  1713.52  53.7069  162.336  20.1526  11.583  42.5911  605.149  33.793  25.81  21.9384  0.250198  20.1261  1.28069
157  0  387.471  28.2486  1146.99  42.7789  2300.35  56.9196  24199.3  162.677  9080.18  107.443  472.386  35.8437  7.16646  31.1097  7321.67  92.8875  43.5071  25.7365  172.763  27.9621  1.12887
158  0  802.73  37.8297  2125.32  56.3804  3281.31  68.3893  23786.5  163.573  14935  135.235  971.205  47.7684  23.1426  29.2665  9310.86  105.284  55.0733  26.7543  377.528  33.242  1.1604
159  0  1259.5  44.0716  2115.38  56.1669  3244.28  68.0636  23665.3  163.128  14156.5  132.093  1042.53  48.5049  0.657913  28.9414  3995.8  73.7185  72.7574  25.3639  473.594  33.798  1.26101
160  0  1994.52  54.8481  3258.9  69.5724  5781.59  89.3636  22706.7  163.385  26323.1  176.2  1534.45  60.7904  80.4594  28.6894  9232.71  106.456  53.6939  28.0174  731.273  40.1348  1.21881
161  0  1156.76  42.6137  1881.93  53.9225  3182.97  67.6535  24283.3  165.171  14854.4  134.928  939.737  47.9254  30.2645  30.6578  3937.25  73.9013  109.862  26.7637  310.306  30.7887  1.27237
162  0  1491.17  50.0814  3214.27  70.0344  6110.15  92.0963  22641.1  163.883  31605.2  192.275  2687.36  74.0274  13.9238  27.6148  20814.6  153.516  162.964  32.7457  735.848  40.676  1.23876
163  0  632.738  33.9896  1563.03  49.5897  3506.9  69.0797  24145.6  164.135  14367.4  131.875  493.015  39.4547  48.9817  25.7178  12022.5  117.086  40.7193  26.0597  296.52  31.7447  1.26934
164  0  196.111  20.4675  430.235  27.6447  912.605  36.9062  25414.7  163.394  2956.74  65.9831  116.359  21.2514  35.4827  43.239  3410.37  66.1967  25.5873  23.4579  31.9518  23.0866  1.32499
165  0  847.632  38.5087  1809.36  52.938  3271.52  67.7805  24102.1  164.282  13910.8  130.653  573.443  41.5204  1.26923  30.68  4777.64  79.6079  57.969  25.1494  300.233  31.2774  1.29363
166  0  1329.99  46.3186  2245.15  59.3751  5083.73  83.2435  23409.1  164.179  22331.3  162.518  985.484  51.7552  48.5297  28.7726  5419.57  85.7213  86.6838  27.6676  525.933  36.4914  1.25598
167  0  761.222  36.1577  1440.44  47.899  3285.24  67.019  24412.3  164.99  13588.7  128.269  399.911  37.341  63.3114  28.7331  2253.07  59.1261  74.1453  25.0198  300.004  30.1136  1.25589
168  0  66.2899  14.0172  132.26  17.6948  388.072  24.8913  25622.4  164.56  786.509  40.9177  11.2193  12.8531  41.605  42.2049  115.53  21.3549  32.2182  22.4188  9.20503  21.0759  1.29482
169  0  110.163  18.198  326.415  25.328  753.628  34.1217  25540.8  163.521  2368.7  60.6367  123.156  19.2402  52.4067  38.2648  225.843  24.8203  58.681  22.7519  34.9114  21.5813  1.23455
170  0  569.605  33.233  1813.8  52.0701  2955.82  64.5957  24451  164.984  11961.8  121.909  466.519  37.9429  29.9424  29.6645  1317.21  47.5786  78.9158  26.1446  286.185  30.728  1.20126
171  0  893.897  37.6361  1544.72  48.4805  2135.03  56.3008  24492.8  164.334  9847.28  111.683  487.925  35.6504  10.2575  32.5434  680.2  38.4097  83.22  26.8916  175.752  28.7249  1.08636
172  0  383.38  27.2544  967.378  39.0433  1821.88  50.5718  24710.5  163.228  5360.76  85.4248  272.005  28.1686  9.37468  38.7586  1420.48  45.7274  73.8713  24.7561  207.955  28.2262  1.20144
173  0  376.846  30.2564  1369.89  47.7726  5596.88  84.335  24070  164.965  13992.4  131.078  402.523  38.4949  56.2324  29.92  1255.47  48.0794  51.7476  26.6383  234.355  30.6799  1.2552
174  0  161.95  23.499  994.873  40.9447  3268.81  65.8089  24620.6  164.511  9627.32  110.493  347.888  33.3098  43.129  30.5594  722.079  37.811  0.338786  22.1769  222.59  28.4512  1.17876
175  0  56.7905  15.3482  101.87  18.3961  1699.55  46.7628  25665.1  165.702  3295.39  69.4686  56.1118  18.6987  71.6079  36.0773  74.3539  20.4207  30.4512  22.0154  32.4453  21.9354  1.22218
176  0  31.613  15.3805  73.2777  18.4661  1760.48  47.8504  25819  164.891  3333.34  70.2259  17.3918  15.9891  0.91132  35.2806  81.0672  20.4368  10.8332  20.1302  31.5914  20.7834  1.11337
177  0  84.3946  17.0106  137.684  20.0663  2677.71  57.6893  25097.3  164.448  5039.59  83.4554  74.8787  22.0715  11.9539  34.2634  193.887  24.9627  3.2871  21.2353  15.2591  21.7692  1.11427
178  0  77.1314  16.6884  76.1572  19.0122  2875.91  59.7347  25165.7  164.763  5467.29  86.0614  61.9596  22.2244  35.7311  32.6786  159.419  24.178  11.9578  22.4552  41.3608  22.4864  1.20596
179  0  86.2857  17.234  116.198  20.6564  2554.26  56.6744  25630.6  166.174  5038.54  83.4453  105.513  22.1984  18.1158  31.8813  154.836  23.4595  54.7867  22.7183  29.089  20.3651  1.16465
180  0  90.0465  19.149  112.715  22.6843  4583.36  74.8496  24481.3  164.44  10424.4  114.69  256.69  32.5442  86.533  27.6221  88.8131  24.6901  29.5199  25.6482  5.01708  25.3912  1.12354
181  0  44.384  14.2478  52.4634  15.3499  1044.42  37.3257  25030.7  162.886  1610.3  52.6935  10.3709  14.0825  29.6024  38.4453  50.3857  19.6093  42.5327  21.792  6.01197  19.876  1.19586
182  0  6.38476  12.892  38.1223  14.9415  587.399  29.3623  25339.6  161.426  752.836  40.6408  23.696  12.347  19.883  37.5224  41.576  18.8494  86.9808  23.2947  19.5056  18.7039  1.13893
183  0  47.0804  13.7452  74.8301  15.2685  444.725  25.7685  25727.8  162.788  461.584  34.8079  19.6412  11.5865  23.8208  43.1285  100.34  21.3108  58.2578  21.9781  8.20689  20.0238  1.09492
184  0  30.3587  13.2499  101.707  16.6833  348.04  23.9921  25597.4  161.878  369.504  33.2104  13.9853  11.0401  34.8951  40.442  92.5442  20.87  60.9322  21.3596  6.81118  18.5936  1.27832
185  0  42.5329  13.6657  137.811  18.3747  378.786  24.7642  25452.9  161.425  631.883  38.0233  49.5741  12.8787  2.59902  45.3399  274.042  27.1296  10.339  21.1176  29.4604  20.2975  1.44595
186  0  92.821  16.6991  324.691  25.1032  743.851  33.954  25027.5  162.889  2021.56  58.1704  675.403  33.7226  64.0149  43.9426  2702.4  58.7364  42.8184  23.6601  12.836  22.4634  1.3604
187  0  169.797  21.6562  734.377  35.0917  1501.25  46.3478  24891.6  163.054  4978.62  82.3652  263.491  27.6049  10.0662  35.0449  6318.45  85.8551  79.3223  25.3966  53.8744  24.4719  1.23505
188  0  171.546  19.7289  628.016  31.5413  1493.83  45.6218  24580.4  161.757  4555.74  78.8889  137.815  24.2637  64.2373  37.2603  4858.69  76.5339  32.4215  24.1781  44.8594  24.2046  1.17309
189  0  85.1741  16.2895  202.852  21.1326  485.481  27.9027  25205.4  161.609  1273.05  48.0028  70.6846  16.6154  26.7449  39.0585  520.238  31.5575  46.5596  20.9962  3.82363  19.5807  1.20509
190  0  54.4019  15.2809  126.337  18.722  405.598  26.4013  25595.7  162.676  1105.19  45.8264  25.9036  13.7707  38.7168  37.9961  254.783  25.9294  74.5229  22.31  13.6202  18.9035  1.27567
191  0  97.5742  16.4805  274.528  22.8132  617.769  30.8033  25360.7  162.314  1585.27  52.177  84.253  17.5251  35.1124  54.4874  550.451  33.3739  6.12302  21.6889  16.319  22.9391  1.46096
192  0  848.107  37.1853  1347.43  46.7066  2743.23  62.3567  24249.4  164.039  12761.7  125.252  560.074  39.8948  12.2595  30.6867  2956.62  65.8235  81.6872  25.8592  297.694  30.3031  1.17528
193  0  918.119  38.791  1366.36  47.7028  3080.8  65.9392  24255.3  164.598  14769  133.91  520.529  40.9762  58.3503  30.0534  3739.24  72.3233  65.1342  25.714  385.177  32.646  1.27323
194  0  1464.36  47.5116  1738.91  53.6669  3679.44  72.4407  23824.2  165.121  19315.2  151.777  1105.59  50.9832  69.1901  29.8314  3301.01  70.1618  88.3751  26.8412  357.678  32.2956  1.17685
195  0  1419.19  47.127  2161.49  58.2609  4532.42  79.3739  23656.6  164.503  20882.2  157.187  935.027  50.2382  18.4984  28.7462  5874.27  88.2231  103.35  28.4112  518.627  36.4069  1.14031
196  0  946.641  39.0834  1584.68  49.9825  3052.95  65.5802  24054.5  164.037  13985.8  130.596  634.774  40.6597  7.4083  29.3324  1829.39  54.6482  169.256  28.2295  258.882  29.1995  1.15676
197  0  53.2255  14.2689  123.513  17.65  436.549  26.4135  25600.4  162.42  984.048  43.6892  46.5345  13.8137  91.4232  38.2501  138.177  22.2446  60.0726  21.7039  0.255892  18.8742  1.23265
198  0  58.8944  14.9609  196.485  20.4586  482.887  27.5822  25384.4  168.445  1244.94  47.2873  28.1755  14.2601  44.4308  50.2542  144.937  23.3229  57.4109  24.5228  42.1108  22.9626  1.20668
199  0  187.349  20.3528  366.01  26.3445  1016.49  38.4299  25510.5  164.029  3073.92  67.2839  81.5854  19.496  36.9092  43.0538  647.212  35.6129  47.9281  23.4284  58.1974  22.9615  1.178
200  0  60.691  14.8216  150.053  18.9384  404.577  25.9495  25385.7  162.096  799.629  41.5181  18.8201  13.3709  20.4715  48.1522  274.653  26.9082  14.8934  21.9796  30.7167  20.5509  1.22012
201  0  394.433  26.315  782.172  35.4698  1259.77  43.1753  25093.3  163.759  4366.77  78.1094  203.242  25.6312  21.2304  42.1609  678.415  36.1086  25.3126  23.943  207.064  28.9043  1.27583
202  0  45.5873  13.4864  75.6514  15.6491  394.182  24.9002  25725.8  162.809  439.752  34.8226  19.1993  10.9867  26.7145  38.91  65.5605  19.2909  66.8521  22.1523  2.10087  18.8805  1.1923
203  0  24.0155  14.2769  63.5594  17.0056  1055.77  38.1109  25406.8  163.061  1888.95  56.0892  10.3951  13.7191  13.6356  37.1674  55.1568  19.1313  22.5088  20.3062  22.938  18.6669  1.12837
204  0  51.4122  15.4352  74.9373  17.791  1744.88  47.4228  25507.3  164.51  3500.41  71.7275  36.014  18.6092  37.102  40.8608  100.644  22.2225  33.3194  24.7186  17.4893  24.4805  1.14906
205  0  51.3039  14.4815  145.623  19.9688  2806.35  58.4471  25237.8  164.461  5378.66  87.9624  60.3609  21.5983  20.1946  34.9853  47.6486  21.6931  28.5722  22.5898  12.8516  22.2102  1.22641
206  0  44.2228  16.9881  92.8699  21.0541  3243.03  63.4196  25190.2  165.34  6479.96  92.9376  64.2886  22.5557  17.4527  28.2672  49.9053  20.0817  11.7445  19.9908  7.96764  18.9866  1.15614
207  0  76.0737  18.0643  130.233  22.4091  3466.19  65.6548  25310.7  165.557  6688.2  94.3318  128.118  24.4605  30.6036  29.3464  134.079  23.3223  85.2191  23.3018  24.0492  20.8041  1.26547
208  0  74.2606  17.5066  148.303  22.1744  3317.49  64.434  25388.3  165.763  6586.76  93.0642  125.967  24.1348  9.72589  27.6491  180.494  24.3159  33.3237  20.8484  26.0613  20.433  1.22786
209  0  83.0086  18.2073  96.6208  20.8474  3064.76  61.7356  25265.1  164.724  5910.97  89.1566  87.4834  22.8742  17.8206  30.1028  191.487  24.895  46.9052  21.4657  4.12635  19.365  1.20305
210  0  15.1432  12.6194  62.2857  16.4172  1393.24  42.3887  25377  163.01  2395.54  61.5308  52.073  17.2187  7.28057  43.8586  78.2175  21.6078  7.24312  24.3518  23.412  23.3999  1.17722
211  0  47.2468  15.8677  112.514  20.5306  3119.99  62.1329  24872.2  164.084  6766.14  93.8251  92.1251  23.4526  16.539  30.117  159.754  24.6566  56.7587  24.0993  20.1914  21.7196  1.15844
212  0  38.4516  13.0947  61.2083  14.7638  643.324  30.0389  25420.4  161.557  923.651  42.8431  31.9682  12.2687  80.5329  37.5938  66.7896  19.5503  18.0647  19.4484  8.38601  17.5261  1.17718
213  0  10.8527  12.2958  84.088  15.8842  355.89  23.7705  25379  161.54  412.724  33.8056  17.3728  10.905  41.3369  38.059  68.8562  19.6999  25.4189  20.8938  20.5366  20.1356  1.18026
214  0  25.0518  12.1784  57.456  14.4473  375.567  24.2774  25713.2  162.98  323.925  32.2244  19.3962  11.7083  68.9297  48.3355  42.2204  19.2817  60.1082  23.1149  4.65147  20.6926  1.30086
215  0  46.8021  16.9046  244.126  24.0594  733.45  34.0617  24859.4  161.414  1701.16  54.2099  157.322  22.0543  1.48979  39.1045  407.845  30.6224  13.7169  20.3562  9.38561  19.699  1.34882
216  0  49.7892  14.0944  140.189  18.163  421.613  25.9082  25290.7  162.264  733.021  39.7559  24.6595  12.7636  43.565  40.0378  223.568  24.3582  16.6186  20.8111  4.49958  19.6937  1.26011
217  0  464.225  29.3608  1044.65  40.9562  2197.28  55.6759  24636.3  163.983  8128.62  102.617  664.639  38.7446  7.07663  33.667  2265.23  55.8626  29.7043  23.102  202.77  27.7285  1.19872
218  0  1710.16  50.6296  2594.1  62.6641  4737.7  81.2914  23122.2  163.218  20127.2  155.533  1449.59  56.5467  14.0805  27.9826  4710.89  80.204  70.3642  26.2488  547.225  36.2377  1.22483
219  0  1370.47  47.2673  2249.35  60.1465  4549.94  80.5587  23297.2  164.342  24965.9  171.285  1249.69  57.0105  15.4416  27.367  4726.31  82.1485  134.222  29.0316  578.028  37.0756  1.19151
220  0  209.205  20.9256  375.678  26.6942  970.251  37.8303  25117.1  162.44  2989.15  65.9894  129.673  20.7077  71.3836  41.894  1075.34  41.3958  116.515  25.2755  58.805  23.372  1.24828
221  0  467.643  28.7314  671.177  34.5635  1488.54  46.9262  24909.1  164.551  6244.23  90.7428  239.238  27.8461  6.48514  37.5193  1253.21  45.3525  31.4426  23.7112  104.306  25.295  1.18452
222  0  92.9716  17.7334  215.576  22.1789  538.786  29.6962  25294  163.352  1547.77  51.4576  78.6042  16.3573  8.66249  39.957  230.962  24.2991  60.8038  21.297  18.1501  19.6726  1.22807
223  0  1091.81  41.1266  1461.82  48.9828  3276.95  67.873  24317.2  164.932  15868.2  140.217  672.905  42.6388  32.3733  30.0942  3367.87  68.4075  119.179  26.5861  352.325  31.8307  1.21621
224  0  489.847  28.3459  706.572  34.2786  1509.31  46.6579  25113.2  164.434  6594.34  93.0008  300.961  29.3613  23.3584  39.6432  1468.16  48.3176  69.716  24.7126  146.261  27.0683  1.20035
225  0  299.462  26.2205  816.249  37.9902  1632.61  50.0644  24387  163.274  8509.74  105.013  794.233  40.5625  29.6561  34.9458  978.199  42.6898  122.996  27.35  193.261  28.8594  1.2333
226  0  57.4935  15.1138  120.086  17.9516  479.202  27.4011  25407.5  161.805  711.249  40.1258  34.3747  13.4031  74.5087  39.4513  61.5748  19.2926  32.5617  21.0452  30.1451  20.3063  1.30152
227  0  413.868  27.4125  919.748  38.2275  1844.45  51.059  24956.6  169.951  6355.16  92.0199  381.559  31.5453  19.1356  34.337  400.094  29.705  40.2857  23.958  82.5104  24.7398  1.11247
228  0  519.032  30.1413  862.414  37.9655  1773.17  50.5137  24579.5  165.875  6520.92  92.8953  456.842  33.3875  26.4174  33.018  1053.69  40.7323  24.8956  21.6236  149.194  25.4076  1.15709
229  0  447.218  31.502  1799.99  52.5845  4687.67  78.5579  23464.8  162.968  16777.7  141.776  523.967  41.9808  7.30971  24.8965  24876.4  163.828  4.04572  27.1189  324.866  34.7076  1.25945
230  0  426.406  30.6621  1531.97  48.9994  3965.41  72.5257  24410.2  164.964  11595.9  120.716  611.911  40.9702  4.68569  29.6215  876.231  41.5487  104.443  26.9244  302.925  31.3691  1.24355
231  0  32.1954  13.0511  62.1549  15.1413  405.84  25.0838  25980.2  163.9  547.658  35.6741  12.5886  11.6872  43.3743  50.1035  46.3376  20.3562  27.7901  23.7376  18.3802  22.029  1.26011
232  0  10.3967  14.736  78.8793  19.158  1958.66  50.3106  25230.2  163.896  3726.87  73.1805  31.106  18.4574  42.4369  32.6503  207.204  24.8741  16.5907  21.098  1.98772  20.3759  1.11989
233  0  78.8952  16.7122  118.268  20.1853  2892.42  59.9171  25230.6  165.068  5731.05  87.716  39.9384  20.988  18.2318  30.3514  100.935  21.5795  55.6665  23.1789  55.5871  19.7839  1.22131
234  0  53.555  17.3955  119.843  21.707  3795.56  68.2473  25186.1  165.894  7437.42  98.5136  24.4104  23.2938  48.0445  28.4825  32.1946  20.9186  82.6471  24.7972  35.4004  23.2819  1.1849
235  0  59.1174  17.2619  92.7027  21.3262  3846.65  68.6346  25181.9  165.759  7732.02  101.27  66.1547  24.1714  34.1926  29.2835  81.3162  21.6946  19.6217  22.4871  1.63078  21.6054  1.06388
236  0  77.0315  18.3042  63.0561  20.9463  4003.07  70.1284  25031.6  165.055  8027.96  101.294  26.3762  23.8328  2.54898  25.958  79.4849  21.0594  4.40689  20.8511  5.15  20.6113  1.24175
237  0  62.3031  17.3411  131.981  22.1145  3929.69  70.7459  25189.5  165.095  7841.64  100.373  128.654  25.807  23.888  26.2474  148.11  22.4333  64.7811  22.3654  24.4222  20.7491  1.21055
238  0  88.273  17.6825  88.3414  20.0136  3647.88  66.6188  25214.3  165.435  7262.04  97.8713  131.482  25.6111  16.1322  29.1898  89.0258  22.5518  17.9112  21.9618  33.1814  21.2033  1.31027
239  0  54.1352  16.9538  129.285  21.6445  3302.98  64.0236  25199.5  166.167  6372.24  92.3195  63.7749  22.1249  25.7696  29.2558  226.031  25.6164  13.6882  21.5274  34.4364  19.5722  1.16053
240  0  31.2486  14.1553  36.7853  15.8204  1062.19  37.9005  25399.9  163.632  1668.54  53.1922  12.5776  14.0769  40.5718  37.5449  82.0607  19.4848  42.6403  20.6697  0.412496  18.7147  1.1999
241  0  34.4401  14.545  72.6787  17.0449  1147.97  39.2821  25387.5  163.306  1911.58  57.0446  13.3045  15.7319  9.19835  36.8461  32.4573  18.2152  17.0347  20.0626  12.0188  19.1475  1.24029
242  0  18.7478  13.7287  44.8858  16.0081  883.891  35.2529  25134.3  163.568  1415.96  49.2902  0.0355715  12.5  52.835  36.045  73.3513  19.641  26.5153  20.6522  0.476014  19.1352  1.17481
243  0  49.9507  13.7467  65.0178  15.0763  594.999  29.1946  25541.4  162.404  836.468  41.8879  7.53298  11.7871  24.2263  39.6352  99.2255  20.4775  91.9373  23.3504  21.0486  18.8855  1.25607
244  0  38.2043  13.0874  50.7276  14.3765  536.049  27.9919  25388.7  161.853  852.099  42.1462  41.6573  13.0883  0.0626443  36.0342  34.506  18.4644  37.2367  20.8551  3.55031  19.3716  1.44402
245  0  52.5715  13.9015  68.8263  15.4252  526.554  27.9492  25354.7  163.408  667.358  38.0107  6.22642  11.8654  4.00952  39.7576  75.3883  20.0915  46.4627  21.5665  15.8965  19.9224  1.29033
246  0  10.733  12.4137  64.0242  15.5834  375.84  24.8521  25498.9  161.479  487.089  35.831  5.33678  12.1653  0.62105  36.4788  127.505  22.1711  3.79773  20.1969  1.95493  18.6574  1.09444
247  0  175.463  20.8866  328.536  26.3533  1090.54  40.236  25325.7  163.614  3083.88  68.1054  167.26  22.3309  7.42555  37.7747  401.508  29.9966  56.5686  21.5822  6.57807  19.7226  1.1925
248  0  160.377  19.1107  220.962  22.2084  578.217  30.3839  25118  163.815  1884.69  55.9311  95.2045  18.6074  38.143  37.3221  282.014  25.8077  15.6683  20.6023  5.50859  19.1773  1.22619
249  0  322.185  24.3372  534.648  30.6788  1050.9  40.1427  24714.1  162.431  4125.98  77.3221  1397.63  46.3627  16.7995  35.346  388.869  29.1705  33.2332  22.1592  57.7609  22.6122  1.1685
250  0  66.3399  15.4352  126.455  18.655  490.21  28.3022  24958.4  160.718  1131.51  45.8816  64.551  15.4845  46.4568  44.7466  231.765  24.5172  15.3977  21.499  12.5564  20.8911  1.25031
251  0  675.073  33.3344  1139.05  42.952  2694.76  60.8579  24539  164.132  9593.45  109.997  287.542  33.0946  19.9963  33.9411  1722.49  52.678  6.97207  23.6387  102.242  26.0939  1.21804
252  0  1306.23  46.0604  3122.49  67.2393  4846.63  82.0907  23286.3  164.152  24260.2  168.706  962.896  52.6482  90.5496  28.4658  2519.03  63.2194  668.052  39.6509  690.765  39.7136  1.29206
253  0  417.221  27.5611  1092.21  40.6993  1728.23  49.922  24857.3  169.288  6746.77  94.2263  233.471  28.1544  75.6664  38.7009  1043.74  41.4804  94.5807  26.9706  127.369  27.2359  1.20188
254  0  1937.81  54.1887  3063.73  67.9781  5748.6  89.0251  23195.1  164.822  28864.1  183.314  1125.71  57.2559  37.4767  26.5672  6784.8  95.8015  158.558  29.9637  759.514  39.9707  1.30079
255  0  381.015  27.0476  737.858  36.1018  1950.33  52.6578  24973.2  164.624  7901.38  100.827  343.565  31.5742  76.3602  36.39  2821.52  62.2935  20.5507  22.0584  209.051  28.5108  1.28562
256  0  94.0381  17.2368  224.337  22.0812  637.903  31.5546  25295.3  162.367  1784.83  54.6432  70.2818  16.8848  33.3914  39.5003  206.414  24.7648  35.3571  21.3862  20.252  19.6799  1.05843
257  0  1436.62  48.5565  2570.19  63.1475  5649.81  87.5879  23639.6  165.605  22619.6  164.362  1765.31  61.5573  10.0916  28.7011  5830.53  88.7302  203.457  30.7339  613.467  37.7527  1.22772
258  0  445.672  27.3767  797.223  36.092  1891.22  50.8393  24741.7  165.64  6174.74  90.5064  354.728  30.0879  81.4982  36.3241  4216.49  71.4962  62.8123  25.1196  75.578  24.9868  1.31797
259  0  538.693  31.8216  990.797  41.9071  3613.88  69.1711  23988.9  163.84  12990  126.27  566.069  40.488  65.2961  31.4394  3335.06  70.3853  80.2568  26.7598  290.601  31.3427  1.26315
260  0  119.044  17.4614  158.584  20.3204  1168.4  39.919  25332.7  163.048  2998.69  65.8384  75.6193  18.6055  15.3576  38.1991  318.81  28.1793  38.6582  21.5306  15.7432  19.1471  1.20515
261  0  31.7974  13.9573  71.0758  16.7324  649.68  31.0259  25489  162.653  1171.93  46.7343  0.386601  12.9614  27.6187  40.9528  92.7752  21.0261  69.3222  22.6848  21.2367  19.2744  1.27481
262  0  79.9893  17.7624  76.5992  20.5138  3108.36  62.1521  24791.3  164.071  6282  91.7961  59.2236  22.8383  19.828  28.255  70.7532  21.5107  4.0612  21.2297  36.7855  19.1071  1.1985
263  0  90.077  18.4586  96.5443  20.8639  4260.24  72.2628  25035  164.996  8557.57  104.245  33.4617  24.4426  27.6944  30.425  137.022  24.0794  26.6447  23.7337  21.4961  23.322  1.10188
264  0  79.5522  18.2651  113.624  21.6819  4343.44  72.2139  25150.1  165.796  8910.82  105.536  84.6095  25.4832  12.8212  26.69  29.7449  20.7629  0.129345  21.7817  0.120132  21.9499  1.15024
265  0  86.8092  19.5283  101.632  22.4568  4312.78  72.5482  25451.6  166.565  8771.97  106.336  74.864  26.4673  15.8017  27.5036  54.1216  21.9298  100.7  24.7894  1.04252  22.0548  1.03439
266  0  87.1093  17.6607  131.86  21.5959  3963.47  69.1901  25105.4  168.024  8112.64  102.07  92.6741  25.7688  16.0541  30.5311  109.899  23.5729  42.7468  23.4931  1.03027  21.7499  1.1986
267  0  52.8279  16.3252  93.8712  20.3008  3635.68  66.928  25252.9  165.437  6989.64  95.9236  117.436  25.6693  49.6548  28.6076  145.089  24.2127  18.5333  21.3059  38.7249  22.2302  1.12042
268  0  98.5655  17.5475  138.707  20.6538  3197.98  62.8483  25109.7  165.051  6371.4  91.7771  122.805  24.83  42.0302  28.5103  139.104  22.9638  47.3803  21.5575  2.33071  18.5328  1.13894
269  0  57.091  16.0393  81.1413  18.8903  2872.84  59.5783  25131  163.914  5562.87  86.3612  82.0336  21.9228  30.3065  30.4044  189.333  25.095  31.4392  20.7084  17.6644  20.4618  1.10544
270  0  11.5431  13.0261  60.7178  16.6249  1228.25  40.2378  25110.3  161.827  1932.44  56.4288  40.1337  15.5294  54.0325  36.1668  3.62246  16.7728  17.1643  20.2394  0.317431  18.3892  1.36026
271  0  31.9501  14.161  44.9744  15.9112  1364.79  42.4892  24871.6  165.902  2334  61.3449  34.1593  17.0725  33.114  35.1857  41.733  18.5612  0.192562  19.6129  0.0788079  18.9815  1.08612
272  0  51.4407  15.6557  69.4762  17.6968  1942.61  49.4929  24920.2  163.035  3979.16  74.6608  11.3086  17.3845  53.1749  35.3989  42.0086  20.0601  27.3026  23.8183  21.7887  21.94  1.13804
273  0  24.8466  12.97  43.8775  15.4221  920.797  35.5742  25389.5  165.321  1655.29  52.3323  9.63452  15.0591  2.89485  34.6093  49.8381  19.3946  8.93977  19.4892  21.6331  19.1455  1.10538
274  0  51.5917  14.2466  84.3441  15.8131  792.355  32.943  25352.2  161.902  1223.19  47.3573  11.5499  12.2387  19.9564  36.7483  60.8501  18.8808  51.7782  21.5524  4.76488  19.7907  1.2454
275  0  33.1153  12.8655  53.0248  14.4379  541.819  27.8377  25248.3  161.149  773.484  41.2589  36.4759  12.0113  19.3096  39.3392  79.8111  20.2968  25.4799  21.7404  1.0548  19.9377  1.17836
276  0  67.7623  14.3923  72.4669  15.3909  397.24  24.9179  25518  161.939  532.809  35.5112  23.4869  10.836  30.8555  37.9573  103.95  20.5611  27.843  20.6526  15.4606  18.5092  1.36277
277  0  54.4359  14.4568  110.323  17.4794  505.52  27.8924  25452.9  161.636  814.828  41.4668  115.2  18.4504  36.0762  41.0889  179.117  24.0674  30.9745  21.2461  11.4791  20.4415  1.99401
278  0  1234.06  43.7224  1842.02  53.6921  4093.91  74.5995  23689.8  163.613  15351.7  136.834  1123.6  49.7612  22.7501  29.8776  4726.48  79.6505  116.403  27.4202  584.477  36.2613  1.18652
279  0  980.591  41.1537  1851.59  54.8562  4189.15  76.4355  23477.2  164.016  20424.5  156.056  1378.73  55.6295  44.0611  29.3873  3621.85  74.0695  171.149  29.9448  679.207  39.1225  1.24798
280  0  1494.8  48.5388  2679.67  63.0589  4569.42  79.6992  23264.6  163.713  21491.3  160.584  1151.07  53.5255  17.9336  27.6323  2072.13  59.2836  194.952  30.488  493.539  36.5084  1.10823
281  0  821.715  36.5181  1246.26  45.1663  2655.49  61.2939  24270.1  164.014  11282.5  118.53  641.964  39.8428  13.0533  31.4544  1687.96  51.9249  78.1807  25.0894  252.318  29.2873  1.20616
282  0  706.316  34.3385  1007.95  41.0267  2528.84  59.2958  24631.2  164.358  10043.1  111.925  372.394  33.8813  16.4209  31.7333  1951.22  54.5139  69.5027  24.0892  140.543  26.0863  1.19327
283  0  629.626  33.6354  1121.32  43.3162  2612.29  60.4896  24547.6  164.309  10930.9  116.559  419.981  34.857  31.1658  33.1244  3030.29  65.5058  32.7357  24.5057  209.224  28.6572  1.24958
284  0  117.725  18.1925  216.049  22.2559  699.204  32.6325  25635.9  163.47  1990.38  56.7138  51.2451  16.8604  20.1533  41.3937  296.204  27.1675  69.5119  23.6163  7.54624  20.8589  1.20139
285  0  104.302  16.1724  155.999  18.9064  526.661  28.2929  25508.3  162.101  942.286  43.4244  51.6317  14.3589  24.605  37.1312  93.6415  20.8579  30.6876  21.4987  14.0242  20.1416  1.2374
286  0  650.915  34.0471  1057.34  42.4258  2338.54  58.2628  24467.8  164.207  10954.3  117.016  656.821  39.8652  26.1036  33.7892  4150.35  75.2265  53.9583  25.9026  221.309  29.9132  1.12868
287  0  617.48  33.8751  1122.09  43.613  2922.47  63.7467  24378.2  164.495  12172.5  122.752  744.46  41.8764  10.773  32.0952  4377.79  76.7061  83.1796  26.442  182.932  28.4737  1.14334
288  0  515.756  31.9648  1086.92  43.8061  4172.17  74.3387  24074.5  164.191  15858.3  137.941  677.267  42.317  18.261  29.9987  6841.79  92.7272  74.5149  27.2975  276.522  31.9368  1.14915
289  0  40.6463  13.5291  87.5083  16.154  599.144  29.4737  25482.1  163.345  1059.76  45.4044  15.8875  13.051  1.41267  50.0612  148.312  23.489  60.0783  24.9415  14.0835  23.2454  1.11346
290  0  57.4415  14.3537  77.8866  16.4104  921.313  35.5951  25653.8  163.822  1468.13  51.137  28.5929  14.5456  17.7009  44.1874  17.6793  18.0824  75.3363  23.5141  7.75021  20.4463  1.22813
291  0  63.552  16.4405  84.2018  18.6647  2180.3  52.5438  25237  165.208  4343.88  77.8349  26.0304  17.4158  21.12  30.8627  60.8254  19.4237  34.0987  20.8945  16.7147  19.8963  1.10995
292  0  62.7449  17.5324  77.0227  20.5607  3739.1  67.3367  24884.4  164.023  7870.79  100.423  45.3794  23.8663  89.6884  31.4828  733.039  36.753  71.0164  23.4696  33.0896  22.6235  1.22656
293  0  47.3709  17.644  93.7413  21.4559  4449.6  73.0003  25459.6  169.204  8916.56  106.734  45.4123  25.9646  7.81851  27.691  76.2223  22.2722  44.1085  23.6872  31.6088  21.3283  1.13134
294  0  39.0533  17.2448  102.058  21.8759  4005.58  69.7261  25334.5  165.743  8227.4  102.317  31.8695  23.6183  42.4666  28.3552  204.65  25.3588  3.97127  21.6261  17.3374  21.831  1.10876
295  0  66.3493  17.5015  86.7904  21.0299  3824.69  68.4123  25152.9  165.189  7660.66  99.8867  88.8877  24.5781  26.7157  28.0894  52.9465  20.3086  38.728  21.7116  18.7  19.6819  1.22352
296  0  78.9183  17.3247  123.782  20.9189  3131.75  62.5304  25626.8  166.509  6356.75  92.1116  99.9044  24.9172  44.0512  29.5481  90.4798  21.5057  28.8399  21.7444  16.6085  20.5504  1.01989
297  0  60.1175  16.4745  78.2908  19.5408  2735.96  58.4743  25068.4  164.132  5173.08  84.3169  108.661  22.656  33.7978  29.7183  177.603  23.9647  1.51858  21.3918  15.9781  21.7094  1.21597
298  0  65.2692  17.2414  61.4858  19.3001  2980.41  60.9974  24989.8  164.137  6025.23  90.4374  758.892  37.9528  37.6644  30.2375  74.856  20.9304  11.3204  21.3057  144.829  25.0033  1.04595
299  0  50.3975  16.1947  85.2968  19.0162  2032.67  51.1391  25641.4  165.869  3747.22  73.6855  83.6011  20.0687  68.2763  32.807  122.776  21.9395  66.2099  22.2886  13.2768  20.0818  1.14461
300  0  22.506  13.4316  37.7362  15.7404  1511.07  43.9912  24955.7  162.044  2503.78  61.7679  9.9961  14.5821  34.097  37.3176  36.8873  19.0266  28.1196  22.3662  45.0712  19.3575  1.21661
301  0  40.4791  14.6184  28.6206  15.4457  1338.63  41.8963  25413.6  164.181  2202.46  59.564  3.12243  14.3513  23.5328  38.9782  72.1232  20.8055  30.7104  22.6929  12.7485  21.2086  1.18334
302  0  41.9243  14.6177  50.706  16.1886  1529.74  44.6766  25082.9  164.934  2737.96  63.5792  5.71741  15.4444  5.67641  33.8306  56.6346  19.3807  16.9801  20.2733  0.880165  18.4262  1.22187
303  0  34.7012  15.8574  72.8707  20.01  3084.28  62.6542  24890.1  163.654  6094.29  89.6439  23.2735  20.1027  37.9579  30.3435  31.1163  20.3894  67.3871  24.0381  15.1059  21.8588  1.30632
304  0  43.1852  14.08  88.5397  17.0757  869.104  34.8446  25370.9  162.483  1404.48  51.2753  14.3472  12.8059  18.6108  43.8892  87.669  20.574  79.2995  24.1522  24.9436  22.635  1.28365
305  0  26.8143  12.0558  61.8876  14.7167  724.059  31.7039  25481.7  162.273  1279.88  48.5017  30.985  14.8974  18.276  47.1488  145.176  23.5039  17.9236  24.2205  30.7477  22.5097  1.14217
306  0  33.274  12.6237  65.9576  15.6018  506.662  27.2678  25329.7  163.56  605.073  38.2443  7.18665  12.5399  100.654  44.9715  66.7442  20.2244  44.2934  22.5605  12.3488  20.782  1.49466
307  0  19.6806  12.8133  99.7582  16.6758  439.603  26.0173  25472.6  161.657  544.055  36.8985  18.4745  11.4799  30.3454  43.8849  25.3841  19.5167  33.4659  22.4362  10.459  20.8173  1.14183
308  0  28.8952  14.1916  75.0071  16.461  476.678  27.1114  25810.9  162.791  747.207  40.0891  42.5629  12.6101  48.7953  38.9342  76.631  20.0248  24.1555  20.3807  11.9715  19.3548  1.22467
309  0  1057.16  41.8145  1762.33  53.4736  4768.67  79.9358  23232.6  162.925  17489.4  145.377  1245.4  53.4599  13.695  29.329  8825.42  103.286  124.271  29.2366  2967.49  64.5832  1.34267
310  0  1193.25  43.0292  1843.05  53.1967  3311.55  68.237  23935.7  165.521  14018.7  131.039  1029.48  47.3555  35.0045  30.7469  3216.9  68.0582  82.8846  26.4434  470.443  34.2824  1.18464
311  0  1253.29  43.3366  1627.28  50.8789  3455.4  69.2333  24066.5  164.137  14159.3  131.843  946.93  46.15  48.598  29.4354  2684.15  61.4681  47.8662  25.0994  478.435  33.6615  1.20583
312  0  873.576  39.3095  1507.83  50.642  3858.1  73.2926  23692.3  164.248  16398.2  141.735  1831.54  59.4433  37.1836  29.7709  1562.28  53.0601  120.324  26.9421  417.614  33.8424  1.30247
313  0  770.896  35.7501  1030.86  41.7729  2116.11  55.4197  24667.5  164.362  9557.55  109.655  513.807  35.9182  33.8353  30.8675  1402.5  47.6421  62.6378  23.1502  172.911  25.4925  1.33944
314  0  195.259  20.6384  393.076  26.7815  950.718  37.5438  25258.9  163.363  3121.19  67.7155  144.826  22.3639  20.3148  40.807  583.851  34.0368  75.0418  22.8559  102.419  23.494  1.2285
315  0  761.009  36.8038  1291.03  47.1196  3820.91  72.1424  23865.1  163.98  16026.5  139.081  857.244  46.2345  14.5375  29.4452  3509.82  70.6509  136.124  26.8534  325.423  31.3208  1.1754
316  0  552.049  31.7914  908.735  39.8273  2930.86  62.914  24129.9  162.979  10243.5  113.178  397.882  34.911  23.1904  35.0575  1757.22  53.6323  62.6589  24.764  185.389  28.5828  1.14893
317  0  28.0023  13.494  95.6581  17.3683  557.777  29.0668  25338.2  162.539  1037.95  44.8568  31.309  13.1494  44.8917  38.3204  108.355  21.3851  45.6973  21.8265  2.33633  18.7359  1.1733
318  0  41.0319  13.8859  68.5351  16.1867  708.877  31.9475  25412.9  163.651  1284.12  47.2611  15.9546  12.9925  11.6131  34.7592  62.259  18.8662  3.61594  19.9903  3.78898  18.52  1.26757
319  0  31.3384  13.5274  88.4539  17.4255  1261.39  40.8673  25440.2  163.053  2354.01  60.5188  44.1006  15.6751  22.0451  35.3286  102.918  20.6411  52.8991  22.2803  44.5861  18.6273  1.19452
320  0  105.93  17.5613  79.4426  18.9823  2380.92  54.6362  25226.9  165.526  4745.76  81.9638  9.98986  18.5728  25.8588  30.4101  92.116  20.9476  27.7642  21.3813  1.00238  19.8271  1.20622
321  0  92.1774  17.0741  111.802  20.0134  3455.65  64.8217  24934  164.368  7057.15  96.2232  56.8332  23.6523  38.822  27.4361  48.263  20.0141  36.336  21.7692  6.16283  20.629  1.1928
322  0  73.4896  18.1424  106.1  21.8509  4008.67  69.9171  25191  166.019  8183.42  102.727  60.0619  24.6786  49.8106  26.3647  57.0506  20.9846  8.59479  21.138  19.5087  20.027  1.06484
323  0  57.4176  17.5447  102.657  21.6408  3602.68  66.5364  25254.9  166.056  7278.44  97.737  127.915  25.4709  2.05607  27.4631  46.8802  20.5589  9.67825  20.9522  42.8216  18.8595  1.1617
324  0  54.9288  15.9076  77.2348  18.819  2505.57  55.8297  25252.6  164.966  4948.53  82.0179  73.2583  20.7118  9.58243  30.3665  15.352  18.1428  30.4366  21.1223  16.0329  20.3518  1.18558
325  0  24.185  14.6103  86.0961  18.8098  2159.55  52.5454  25346.9  164.721  4074.68  76.651  42.7629  19.0526  6.38146  30.0152  43.6091  19.1511  34.6335  21.269  9.80751  18.9534  1.16111
326  0  29.1276  13.7698  83.3443  17.7278  1441.49  43.5859  25474.6  163.851  2591.08  63.2743  13.8557  17.0049  34.0205  36.4754  96.5843  20.6126  34.048  21.5966  21.6936  20.7898  1.34136
327  0  30.4751  13.3734  80.7242  17.5095  1621.45  46.0826  25286.9  164.905  2920.05  65.9853  27.9889  17.0143  11.1356  37.2313  21.0737  19.2482  13.0902  20.9514  7.09095  21.2468  1.11945
328  0  36.7569  13.9993  73.2127  17.2295  1616.96  45.6598  25632.8  164.621  2928.03  67.0755  98.2905  19.9023  13.2003  33.3456  65.1209  19.5505  52.5979  22.4636  10.5237  20.2164  1.18116
329  0  17.4585  13.2204  90.9176  17.2677  1121.69  38.6247  25721  163.803  1945.48  56.3045  35.4256  15.1547  46.5758  36.9249  71.1786  19.7279  11.2357  20.3037  4.14871  18.2257  1.14173
330  0  22.169  13.9945  64.84  17.0001  1594.26  45.3805  25276  164.583  2520.56  63.0664  33.8942  17.0123  37.5239  33.3296  0.959035  17.1821  15.2525  21.095  10.9576  18.9056  1.13879
331  0  23.4485  12.741  52.2669  15.3419  1403.26  42.5189  25218.6  162.38  2051.08  57.9785  12.3849  14.2369  11.4402  36.1554  10.5873  17.5547  17.6219  20.9163  10.457  19.4014  1.09123
332  0  30.0076  13.8921  57.1614  16.2911  1486.33  43.7795  24756.6  163.651  2597.23  63.6122  15.5778  15.9323  25.8333  34.8602  0.97403  17.2876  66.1727  22.412  6.18902  20.1777  1.21604
333  0  13.3815  12.9582  73.9223  17.2638  1443.99  43.6265  25127.8  164.005  2793.62  65.2951  16.6897  14.456  10.4439  34.5934  39.2288  19.0235  51.9976  22.1073  34.218  21.3803  1.15848
334  0  39.8397  14.4897  64.6951  16.574  1288.18  41.162  25052.2  161.713  2340.99  60.8072  19.1359  15.009  44.6147  34.1734  53.41  18.987  6.92219  19.564  17.1879  18.9681  1.28255
335  0  38.1196  13.6098  42.2352  15.0489  896.602  34.9807  25086.7  161.252  1527.24  51.1595  22.2266  13.6475  23.1715  41.9209  114.524  21.9763  14.6531  20.6165  5.99297  20.2633  1.11236
336  0  2.47512  13.1974  10.5383  15.2705  708.148  32.8368  24863.9  161.009  1008.23  46.5363  832.722  36.9276  18.738  39.9664  289.621  27.8758  47.2989  22.2143  3.32919  20.1816  3.35024
337  0  44.1869  14.0629  65.9209  15.7538  529.949  28.1783  25460.1  161.693  813.941  41.3882  43.0637  13.6907  13.2853  38.0011  57.6074  19.5065  0.841393  20.0376  9.62407  19.3757  1.1636
338  0  52.126  13.3118  54.8381  14.1895  522.761  27.4059  25486.9  161.464  673.029  38.4841  34.5885  11.9046  68.896  38.4568  132.347  22.4817  35.6868  20.5903  39.0685  17.8346  1.31637
339  0  64.6878  14.613  100.471  17.2012  652.946  30.7388  25318  161.631  1123.19  46.391  51.8871  15.739  47.9667  46.6779  289.483  27.4874  14.6147  21.6097  25.6194  21.0194  1.21588
340  0  115.799  18.6583  465.597  29.4874  1786.08  48.9909  24712.5  161.937  3994.23  74.8708  150.818  23.3636  19.2139  38.3683  4790.1  76.0406  54.5643  24.4553  111.9  25.968  1.26768
341  0  668.604  35.0183  1194.44  45.2419  3456.4  68.7781  23873.3  163.154  12348.5  123.935  844.574  43.9826  59.2153  32.6481  2483.66  60.6875  103.728  26.1519  409.753  32.8408  1.19092
342  0  1120.69  42.8608  1682.25  52.593  3559.73  71.3224  23734.6  164.109  15405.1  138.351  2547.41  65.4313  10.0986  30.0875  3225.89  68.7153  91.4474  26.9897  466.196  34.6322  1.25356
343  0  1566.9  48.6332  2219.13  58.5497  4511.75  78.7325  23363.6  163.366  18358.5  148.719  1612.75  56.5156  42.5503  28.7846  4359.13  77.4928  108.693  28.3044  703.678  39.3169  1.27216
344  0  1433.82  47.4123  2097.57  57.9761  5865.86  88.1157  23622.9  165.081  21589.7  160.216  1012.19  52.6705  5.15104  29.0339  3801.9  74.4771  106.64  28.7253  431.453  34.8953  1.15277
345  0  94.172  17.9999  363.251  27.007  1434.2  44.7796  24745.3  162.252  4562.4  79.2261  103.846  22.4229  43.4203  42.8115  2042.75  54.3862  31.8556  23.6774  100.804  24.8978  1.056
346  0  115.528  17.8948  345.356  25.9784  1985.72  50.9391  24842.4  162.964  5793.95  87.0785  28.578  21.4211  21.6156  40.7292  2895.43  63.1653  44.1877  24.6322  23.5053  23.5468  1.18543
347  0  41.184  14.216  59.407  15.8551  734.038  32.2316  25286.4  161.846  1243.63  47.8331  10.6407  11.4305  12.2892  38.2274  118.716  21.8187  44.8034  21.3203  5.87927  19.1848  1.09884
348  0  16.9054  13.8644  59.6427  17.2813  1441.19  43.7543  25359.5  163.473  2632.74  63.485  19.8582  15.6805  14.4378  34.3293  93.1723  20.5612  50.2976  21.3406  7.94234  19.615  1.14447
349  0  19.1245  14.9616  41.5988  18.5994  2738.48  58.6254  24959.6  163.946  5494.99  86.2073  11.8006  19.2853  67.1984  30.4142  54.6686  21.1927  30.0832  23.1755  26.3777  21.6442  1.2008
350  0  80.144  17.0685  89.5162  20.2503  3513.94  65.5791  24662.5  164.18  7027.37  95.9378  33.0115  22.576  3.63124  27.02  23.8604  19.6236  60.5064  22.3805  11.2665  19.4412  1.20108
351  0  65.6219  17.228  106.808  21.0734  3463.27  65.3572  25149.6  166.169  7275.02  97.6855  60.3018  23.4068  12.1636  31.1455  45.8285  21.7102  91.4513  25.509  39.459  21.4651  1.21344
352  0  27.7101  14.251  73.2419  18.8267  3025.71  60.7111  25040.9  164.109  5975.13  88.971  42.8631  22.3924  36.8325  32.1985  73.0257  21.1989  68.131  23.9055  5.85672  21.6962  1.22591
353  0  44.223  15.1142  57.0002  17.5856  2104.83  51.5439  25263.3  163.654  3891.92  73.9493  48.7426  18.7914  30.8453  34.7486  74.0684  20.5391  49.9312  22.9775  11.8344  20.7726  1.25269
354  0  22.675  13.6702  68.8835  16.6316  1288.73  41.1265  25645.5  164.059  2167.81  59.1904  10.3345  15.4075  28.9287  48.3935  106.396  23.0919  75.4412  25.9413  19.3637  24.1825  1.11064
355  0  30.8562  13.6394  62.498  16.2803  843.915  34.1662  25140.2  162.907  1475.81  51.724  22.5964  14.3059  0.996043  41.3665  61.9984  20.6535  45.3412  22.5686  42.2121  22.0548  1.08716
356  0  26.4633  13.043  89.7019  16.3769  621.013  29.8378  25776.5  163.319  802.04  41.8766  3.42689  11.5752  31.8883  40.8829  73.7448  20.8016  0.722332  21.2356  5.07413  21.4637  1.19971
357  0  16.972  14.6394  155.608  20.2712  1112.21  40.1033  25082.7  163.169  2035.63  58.2978  1339.68  43.5247  37.9393  36.5163  115.585  22.2945  47.3078  21.041  77.9286  22.1166  1.12523
358  0  47.1636  13.9606  106.274  17.5169  1130.1  38.849  25461.5  162.928  1875.09  55.9683  56.1676  15.9526  24.8037  35.5369  75.2057  20.1524  13.4495  20.329  15.8203  19.7029  1.29679
359  0  52.1044  13.9853  106.169  16.8779  819.475  33.6046  25828.5  163.571  1256.75  47.7311  9.35269  12.8373  21.9702  38.9157  97.6347  20.7922  63.9254  22.7614  16.1609  19.1391  1.36355
360  0  56.9254  15.8104  65.9307  18.2406  2420.42  54.9429  24714.8  163.772  4040.8  75.4587  110.154  21.932  50.2769  31.4091  35.1767  18.4718  11.9455  21.2265  0.542231  20.8927  1.22406
361  0  42.4798  14.5083  62.6894  16.5126  1331.81  42.1278  25396.2  163.361  2063.08  57.6093  15.6681  14.6883  61.3047  37.5711  40.9356  18.6846  33.6  21.4757  5.7096  20.2636  1.12847
362  0  40.811  15.0578  34.82  16.3458  1656.14  46.2686  24938.9  161.757  2595.65  63.6683  37.8203  17.7918  17.9506  33.8885  16.9567  18.0199  9.75403  20.0993  8.88832  20.2286  1.11881
363  0  49.921  14.5222  73.559  16.7468  1561.7  44.8946  25430.3  164.122  2603.7  64.2499  6.89114  15.4984  38.5457  34.779  55.0306  19.7081  26.6014  21.2304  4.30993  19.5956  1.15634
364  0  20.8007  14.2096  56.5921  17.19  1608.83  45.9038  25025.3  163.518  2779.58  65.2732  53.9738  18.2801  3.11175  36.6452  17.423  17.637  66.7203  22.2969  28.3846  18.4929  1.16138
365  0  38.1825  13.892  47.8783  16.0179  1252.45  40.7089  25028.7  162.242  2090.33  58.5982  31.0452  15.9359  3.9771  35.7483  27.5042  18.6095  10.0368  20.5263  2.91289  18.9481  1.12383
366  0  0.0627056  11.4362  30.1992  14.3198  800.091  33.1988  25105.4  160.997  1230.01  47.5117  21.4669  14.1112  22.6513  38.4086  50.6487  19.1929  32.3703  21.0604  16.8412  20.6807  1.35301
367  0  10.3352  11.5233  51.0119  15.9712  815.79  33.8106  25765.7  163.246  1162.64  47.0704  14.9792  13.7173  53.5427  38.6561  60.8596  19.4518  16.6167  21.0659  41.4647  21.1206  1.25954
368  0  30.756  13.7397  70.1596  16.2376  650.657  30.6878  25586.6  162.785  939.57  43.5875  31.0555  13.1039  43.4586  39.4726  1.62305  17.111  54.7731  22.1074  1.48966  18.8406  1.23064
369  0  25.3844  13.0714  83.6001  16.138  697.985  31.4234  25185.6  165.19  955.249  43.0085  73.0501  15.9822  13.4289  37.0895  68.4077  19.5893  53.7094  21.3818  13.1166  19.7626  1.28518
370  0  27.8557  13.5011  34.2274  14.6245  552.457  28.6615  25250.8  161.109  840.541  42.1578  31.2387  12.7339  58.1097  38.8758  75.1146  19.761  63.2186  22.2254  0.675628  18.7481  1.26192
371  0  11.3866  12.7158  65.1795  15.5222  503.84  27.4877  25157.2  160.885  780.879  40.6761  27.6073  12.1094  43.4051  41.0659  116.574  21.1548  74.5293  22.5188  4.28561  20.0493  1.22265
372  0  820.553  40.5952  1766.14  55.5577  5382.61  86.8167  21983.2  161.512  19748.4  158.58  15650.1  141.245  60.2924  29.1034  10601.4  114.283  113.699  32.2533  6158.75  88.7906  1.47091
373  0  50.6938  13.9398  103.298  16.7438  618.68  29.7185  25283.2  161.355  995.301  44.1989  30.3669  13.8922  37.288  39.5088  195.037  24.3876  80.65  22.6809  6.28345  20.2099  1.32765
374  0  22.1557  13.0883  51.6302  15.366  507.741  27.861  25300.3  163.019  800.891  41.7268  7.34276  12.3075  0.564655  41.5933  72.421  19.6781  62.863  22.4912  7.12729  19.4125  1.23674
375  0  25.8147  12.7407  71.7653  15.5121  584.781  29.0783  25373.4  162.143  800.068  41.1764  3.62993  11.0609  22.6703  36.696  32.9149  19.3287  17.7205  19.5486  15.3887  18.9059  1.1526
376  0  37.6101  13.7402  62.4945  15.8214  762.93  32.7803  25157  162.196  1317.67  49.6431  8.26438  12.9207  12.9047  36.9917  55.5903  19.336  18.0097  20.9947  14.5231  19.2674  1.22995
377  0  52.1768  17.1356  93.6481  20.7253  2998.25  61.2925  25061.8  164.891  6252.53  92.4716  225.071  27.3575  14.2084  29.8976  84.7945  21.2273  24.4997  21.2143  35.7425  21.0898  1.1335
378  0  52.4066  16.1856  80.3842  19.1473  2566.25  56.7541  24971.3  164.067  5041.46  83.4187  28.1268  20.3862  20.4624  31.6985  37.665  18.8759  28.8724  21.4185  1.70648  19.7421  1.20844
379  0  70.5985  16.6871  62.3093  18.574  3271.65  63.1629  25081  164.378  6502.64  92.5884  27.3691  22.2718  7.73976  28.5215  59.1161  20.2246  43.7435  21.5056  0.174957  20.0504  1.09526
380  0  52.4052  16.3708  97.4533  20.0999  3329.96  63.92  25227.1  165.072  6468.15  92.9098  45.9661  22.6657  48.5817  28.1498  64.8584  20.1306  30.2122  21.7681  1.54355  20.7903  1.09148
381  0  53.8997  15.8741  54.376  17.6452  2426.08  54.9677  25095.9  167.556  4761.29  80.2079  30.5066  18.9662  37.3077  31.8784  117.462  21.9555  74.038  24.094  29.4505  22.2207  1.12294
382  0  66.2436  15.3969  108.978  18.0755  1495.45  43.9213  25019.3  164.319  2673.15  65.093  33.3491  17.0356  11.1775  34.8265  31.3395  18.366  0.710315  20.0222  9.80556  20.024  1.27343
383  0  23.4807  13.4997  40.9257  15.3833  954.83  36.2154  25589.9  163.095  1639.21  53.1518  60.6334  16.2269  48.402  35.6056  70.6865  19.7633  9.50869  19.5967  9.89258  19.4241  1.34849
384  0  60.7845  14.4895  80.6161  16.5148  926.446  35.3332  25301.3  162.471  1282.74  47.8528  10.3544  13.5481  38.1065  39.8473  85.4896  20.4716  0.816969  22.069  0.274387  22.1516  1.25323
385  0  25.1002  12.7025  91.6853  16.5584  531.238  28.0449  25603.4  162.147  616.585  38.002  7.41561  10.347  19.1678  38.1853  80.9266  20.2797  55.2545  21.7415  18.4276  19.2041  1.2897
386  0  1669.87  49.3332  2715.15  62.1806  4215  75.8075  23853.6  163.744  9274.12  110.75  1172.43  47.9336  3.89725  28.7573  8112  97.2712  173.679  30.4304  733.093  40.6521  1.15405
387  0  44.1344  14.623  116.181  17.7735  574.801  29.371  25881.5  163.4  799.968  41.0211  32.2674  12.3928  6.48743  39.4538  42.4039  19.2325  19.5648  20.0803  7.21401  18.0753  1.18809
388  0  60.1863  15.3802  70.8446  16.5975  999.042  37.2611  25528  164.554  1601.59  52.2319  31.3151  14.4154  3.56643  35.1154  119.69  20.5899  18.0021  20.5641  8.416  20.3901  1.20743
389  0  56.431  15.136  90.5013  17.6346  777.52  33.6741  25475.9  164.119  1306.3  49.7339  3.53637  13.5319  8.8465  38.5493  79.0599  19.8316  12.7609  20.6371  0.317234  19.5155  1.13554
390  0  53.2562  14.732  41.3495  16.0174  1778.44  47.6521  24969.6  162.667  2801.73  66.167  3.01097  16.9142  31.3987  33.9667  61.4696  19.5701  6.298  19.6679  3.30868  19.7655  1.08921
391  0  29.0296  12.9039  61.3637  15.2538  1376.04  42.5329  25042.4  161.456  2045.48  57.7949  27.5248  15.5169  3.02217  35.833  50.0364  19.4009  27.4949  20.7715  19.5129  18.8061  1.32841
392  0  30.657  13.7824  31.6963  15.618  1623.56  45.7438  25207.5  163.029  2545.27  62.9046  19.4282  16.7946  23.0369  38.9078  47.1165  19.931  29.5311  22.603  2.36732  20.2785  1.1239
393  0  43.8893  14.0807  42.6545  15.498  1509.97  43.6682  24850.9  161.974  2444.91  61.3471  40.4802  16.6024  5.8873  36.4275  39.5948  19.1606  46.7677  21.658  6.69805  19.6415  1.15958
394  0  6.60094  13.2482  44.8453  16.4486  1415.15  42.854  24980.6  166.188  2361.78  60.3327  0.349812  15.4355  23.8051  36.258  5.42625  18.4786  44.1993  22.8589  0.418056  20.9633  1.18954
395  0  26.8861  12.6367  58.9312  15.7625  1243.26  40.6591  25115.4  161.929  1916.28  56.6176  33.4041  15.5452  4.96494  37.1545  28.6642  18.4376  3.66983  19.9773  5.78622  20.344  1.20779
396  0  7.42937  13.1149  34.2885  15.4056  1119.4  38.7682  25569.1  163.397  1737.27  53.9149  32.1691  16.3029  10.4033  38.6829  39.6237  18.6307  8.12846  19.2153  17.0942  19.1173  1.18623
397  0  41.0584  12.9532  56.5605  14.9399  1120.72  38.4646  25052.6  161.66  1786.47  54.8613  73.1988  16.6339  47.1564  43.4643  36.3787  19.2531  66.7114  24.3538  20.4319  21.3128  1.34492
398  0  28.3376  13.1683  34.3683  14.4674  986.239  36.3937  25264.3  162.381  1544.82  53.5925  65.1402  16.1081  10.425  36.8928  50.8325  19.464  52.69  21.5912  0.0631343  19.4188  1.13711
399  0  48.26  14.3744  37.6416  15.915  1720.58  46.7487  24954.3  163.365  3201.57  68.2695  112.788  20.5545  14.5848  34.5315  72.0847  20.1489  12.9254  21.8886  57.5519  22.5469  1.25727
400  0  12.9167  12.5362  46.5988  15.736  875.874  34.8378  25140.6  161.084  1043.68  45.2434  70.3728  14.9642  29.0651  37.8083  61.5277  19.793  14.0008  20.7664  4.03182  19.6505  1.17312
401  0  15.3701  12.2872  36.3373  14.4953  951.57  35.9539  25146.3  162.255  1576.65  51.9066  43.831  14.5789  40.5916  37.9599  75.9777  19.6207  39.7105  21.4001  0.254569  19.1616  1.22829
402  0  47.1872  13.6145  67.4498  15.5366  791.637  33.0378  25512.4  162.438  1187.01  47.4134  9.40077  12.8098  27.3786  38.5074  89.0528  20.2521  39.4688  21.3669  14.4073  20.2503  1.1606
403  0  14.1376  13.198  53.0384  16.6178  1200.58  40.034  25429.5  162.806  2069.9  57.9859  2.72396  14.6409  31.494  37.439  46.8693  18.79  21.5344  20.6383  11.5156  19.8396  1.24369
404  0  48.5713  14.7253  72.5361  17.0209  761.199  33.0489  25579.8  162.83  1206.35  47.0097  16.8724  13.5506  38.7214  42.1219  55.2683  19.3786  9.82966  21.1277  11.5765  21.5096  1.18889
405  0  43.145  13.7537  66.8963  15.8148  903.487  34.7687  25256.9  163.531  1457.69  50.3675  12.8028  12.8911  41.8082  36.4342  35.4511  17.8337  32.4224  20.2368  0.493499  19.495  1.14466
406  0  58.3468  14.3941  125.996  18.9427  1547.21  44.6766  24978.7  162.152  2950.21  66.0984  47.0798  17.6075  25.2865  35.9479  264.919  26.912  54.2832  22.8151  3.02282  20.8316  1.19641
407  0  60.0678  16.3495  62.1367  18.6178  2539.58  56.4574  24787.6  162.964  4923.72  82.4826  30.7513  19.9412  25.1905  30.0685  69.6295  20.4693  52.4643  21.8279  55.9064  21.3949  1.05199
408  0  53.1859  16.7477  86.137  20.03  3106.54  61.9204  24976.8  168.244  6281.64  90.949  75.0973  22.2255  42.8148  26.8441  45.1377  19.8728  17.9882  20.672  8.06174  19.7367  1.1095
409  0  57.041  16.7665  97.5485  20.2146  2904.75  60.4436  25056  164.807  6055.41  89.8977  84.7773  23.1851  33.1821  30.5582  85.4534  21.2185  1.75307  21.1031  11.4192  20.9099  1.19636
410  0  45.7267  15.6861  76.225  18.7124  2333.04  54.2601  25197.5  164.52  4511.04  80.2293  52.3322  20.2815  44.4781  32.2225  45.2673  19.1022  3.76037  20.8859  6.21176  19.5722  1.23863
411  0  14.4855  13.1589  59.8085  16.7636  1356.01  42.2541  25243.3  163.196  2567.86  63.5497  31.3889  16.1491  0.547014  34.9775  26.3125  18.6589  39.2355  21.382  0.689323  19.8918  1.17353
412  0  14.7834  12.4931  48.5124  15.234  746.21  32.1582  25384.7  163.027  1268.46  48.1381  27.5187  13.2946  46.3856  47.9078  105.068  21.3501  52.3312  23.2294  35.0536  22.4851  1.23183
413  0  29.8612  13.2271  54.6867  15.6345  522.397  28.1919  25594.1  162.405  640.692  39.7271  33.2674  14.0853  52.2217  40.3571  98.1081  20.4346  55.4219  23.2395  23.1215  20.1028  1.44365
414  0  71.4152  16.1131  155.548  19.9156  449.145  28.1677  25815.4  162.804  601.456  37.8941  38.5266  13.6279  24.7358  38.6021  176.122  22.4543  28.378  21.2254  2.99741  19.3376  1.21869
415  0  784.665  35.0989  1434.85  45.9789  2265.63  56.2616  24724.6  163.749  6104.92  90.8623  528.278  34.58  33.3743  35.8104  3783.2  69.5164  89.2491  26.8657  293.321  30.9319  1.31723
416  0  551.009  31.9452  1682.4  49.4777  2770.24  61.5747  24271.3  162.937  6954.85  96.1627  493.211  34.8857  16.6448  28.6723  11699.8  114.241  58.3867  26.3665  281.402  30.7333  1.22027
417  0  87.2862  15.0248  106.539  16.757  470.058  26.6092  25713.8  162.477  583.225  37.7183  43.5483  12.7931  10.6209  42.0935  120.056  21.9354  36.7957  21.0131  19.183  18.2541  1.25427
418  0  67.2524  13.9666  137.371  17.6927  766.269  32.5697  25397.5  162.554  1151.53  46.4091  25.4554  13.6886  43.9136  38.0921  113.739  20.191  57.5694  21.7023  15.6821  18.8097  1.31938
419  0  40.7178  13.6546  119.648  18.0907  760.182  32.8289  25378.9  162.997  1130.97  46.3161  74.626  16.971  3.48286  47.4988  105.978  21.6765  53.159  23.5222  38.069  19.8964  1.38196
420  0  0.736597  12.9866  10.7179  15.2429  1394.05  42.9412  25014.9  162.426  2178.25  59.3689  8.68449  14.3909  11.6846  35.5039  19.4522  16.9689  18.7865  21.6893  3.44963  19.9607  1.25324
421  0  17.238  12.7936  23.2085  14.388  1515.87  44.0843  25134.1  164.216  2289.53  59.4367  21.6565  16.7149  36.576  40.7343  56.3963  20.6431  85.1123  24.009  0.246583  22.3159  1.15643
422  0  34.0268  14.4944  47.3448  16.7109  1484.1  44.1473  25010.4  162.516  2263.03  60.6632  25.286  15.8605  15.5464  34.9989  7.56451  16.9628  6.3319  19.8166  1.78392  19.7889  1.13665
423  0  19.3794  12.8963  43.9776  15.3132  1315.7  41.3197  25176.8  162.733  1805.61  56.8132  8.80412  14.1999  8.83523  34.8601  25.7171  18.3405  22.7304  21.1107  36.1354  19.9911  1.24968
424  0  62.3781  15.1669  66.706  17.0139  2034.99  50.6125  25169.7  162.969  3155.47  68.5727  70.8933  18.9579  9.39857  33.8423  31.2618  18.6546  38.8677  21.1947  10.1986  19.8718  1.11971
425  0  30.5434  18.9179  78.9711  24.024  6879.28  90.3556  23978.7  163.653  11900.8  121.891  99.021  30.6839  45.2811  26.4675  20.7112  21.1175  33.6551  22.347  11.7854  22.4024  1.09058
426  0  28.1047  15.9686  81.0585  20.9709  4220.68  71.3866  24483.1  164.26  7328.5  97.9394  59.077  24.6118  36.3692  28.7904  61.4595  21.2839  0.299548  21.2993  1.38769  21.5824  1.05704
427  0  23.7972  15.2821  50.9952  18.9022  3566.77  66.3777  24528.7  164.09  6514.54  93.9258  394.935  32.7964  53.2088  28.4641  79.869  21.9366  53.119  23.3389  0.911649  20.2525  1.32656
428  0  33.423  13.2398  53.2093  15.6532  1061.12  37.5948  25351  162.543  1652.64  53.1439  53.4  16.0054  43.2456  39.7837  26.386  18.7103  12.1177  21.2204  30.0027  21.8892  1.24845
429  0  28.433  14.1679  23.4116  15.403  1122.12  39.0635  25140.7  162.264  1708.24  54.8959  49.0317  15.8552  31.6158  37.8353  40.5325  18.9855  12.6038  20.6115  2.67453  20.1182  1.08662
430  0  39.0026  14.3856  54.7893  16.2351  1049.56  37.688  25074  161.795  1900.56  56.8006  17.786  14.2625  57.7794  37.5539  31.2125  18.7181  40.2363  21.524  6.76074  19.3336  1.25196
431  0  40.0611  14.2535  53.9647  15.9193  1102.61  38.5288  25131.7  162.178  1767.01  55.0481  47.0138  15.7384  33.0069  35.098  20.5686  17.834  0.0978713  20.134  0.0358745  19.7725  1.13775
432  0  24.735  12.7769  64.6625  15.8737  937.725  35.5228  25175.3  162.602  1570.18  52.1168  39.5847  15.0082  14.0414  36.4292  55.044  18.9923  9.07312  20.5809  33.8128  19.4681  1.09618
433  0  52.6824  14.614  66.405  16.2697  1068.12  37.9025  25578.1  163.293  1752.29  54.3498  61.758  15.9696  11.3378  35.7221  71.1123  19.9266  1.2938  19.8924  36.7815  18.4678  1.16944
434  0  0.0213194  12.2593  62.7871  16.4605  1342.89  42.7833  25207.9  162.373  2188.81  58.8253  33.7615  15.4666  28.8248  33.6261  64.7985  19.8952  32.8934  22.0149  1.66419  18.8633  1.20583
435  0  31.9486  14.3605  76.0887  17.203  1528.21  44.4215  25162.5  163.144  2735.88  64.6463  31.4429  16.692  22.5609  36.5262  40.2091  19.2393  10.5963  19.659  0.980969  18.2137  1.2185
436  0  73.0045  15.9658  102.91  19.2166  2041.34  51.1128  24959.9  163.48  4253.69  78.0823  19.4302  19.5961  5.37368  29.5009  17.8938  17.6791  8.65463  20.3149  26.6103  19.131  1.35139
437  0  48.0606  15.6305  57.8432  18.4865  2734.77  58.3628  24997.2  164.651  5454.25  86.5097  75.9852  23.2624  8.88155  29.3955  47.0745  19.8263  31.7053  21.7626  8.08074  20.6329  1.09135
438  0  98.8201  16.8179  141.224  20.1212  2969.67  60.7363  25144.5  164.367  5886.02  88.7602  128.834  23.4352  47.8489  30.4926  50.1221  20.2644  20.7224  20.9174  11.1574  20.8928  1.27682
439  0  79.8009  16.1614  88.9605  18.1679  2328  53.8405  25018.3  163.476  4536.7  79.3337  63.4618  20.9483  46.3553  31.0922  68.8105  20.4028  16.1741  20.9669  30.7846  19.2981  1.17067
440  0  33.6584  14.4843  82.8728  17.8598  1608.97  45.6401  25001.8  162.965  2840.25  66.0286  66.2403  18.0548  9.28315  33.7842  3.84801  16.6597  46.0025  21.1492  10.0174  18.6478  1.14949
441  0  21.2982  13.7206  38.3612  15.8803  900.721  35.3974  25182.8  162.088  1570.92  52.3102  13.3131  13.8454  52.8433  40.1436  110.401  21.1977  35.8858  21.0056  11.5135  20.1563  1.18124
442  0  48.0883  13.942  110.043  17.4211  654.083  30.63  25397.3  163.233  1027.3  44.2871  24.9592  13.5769  89.3454  50.0802  104.66  21.815  8.29541  21.3213  14.6538  20.3384  1.25503
443  0  1594.05  48.9728  2854.81  63.9019  4128.61  75.9252  23514.1  163.401  11718.6  122.396  1125.93  49.0857  12.865  29.026  5852.36  84.595  178.651  29.4609  551.271  37.07  1.22185
444  0  1303.46  43.9844  1803.45  52.2553  2240.14  58.0036  24313  163.974  9464.51  110.634  855.958  42.4786  11.0318  32.8384  2909.58  63.9153  73.4297  25.7316  378.651  32.3086  1.15715
445  0  878.352  37.0353  1374.65  45.607  1840.43  52.2809  24568.3  163.628  7674.61  100.157  553.601  36.6161  26.8487  33.9874  2491.01  58.9522  99.1143  25.2535  234.799  29.255  1.27327
446  0  418.838  27.4889  825.895  36.4732  1348.65  44.4766  24951.1  164.4  4318.68  77.8463  439.957  29.8849  3.38125  39.2756  3010.67  62.7502  49.4002  24.2556  184.887  27.0671  1.18091
447  0  90.161  16.1887  194.411  20.2985  428.523  26.6248  25654.9  163.079  698.398  39.0631  65.4805  14.4527  56.5104  40.3277  271.171  25.8817  11.5415  19.9106  20.4399  20.0763  1.1341
448  0  37.2748  13.6688  113.117  17.4054  651.726  30.3687  25521.8  162.661  983.704  43.4799  62.1506  13.5674  10.4479  40.136  174.435  23.8606  3.77307  20.2568  14.8987  19.8846  1.15326
449  0  46.1269  14.267  123.256  18.4799  796.23  33.751  25079.9  162.052  1295.2  49.5579  60.4834  16.9571  49.4462  57.2526  235.421  26.332  18.6341  24.1969  9.12279  23.6607  1.25852
450  0  6.21302  13.7526  6.3369  15.6565  1917.19  49.2972  24548.6  160.931  2766.87  65.0756  82.2232  18.5197  5.5911  32.1175  4.81316  17.3671  31.0185  21.7354  5.64977  20.3855  1.19571
451  0  32.1956  13.1214  36.4211  14.8426  1730.67  46.4259  24927.8  165.148  2657.86  63.1893  60.9907  17.8747  28.593  35.9738  71.0102  20.3717  48.2049  21.2793  10.6024  19.8822  1.16299
452  0  18.0963  12.3334  47.1689  15.7108  1329.24  41.7501  25049.4  161.821  1989.97  56.9384  49.5931  16.2286  57.0863  35.6291  32.5481  18.1851  37.8843  21.1336  27.9249  18.5417  1.22477
453  0  43.3988  14.5851  78.3997  17.4844  2160.95  53.2414  25032.6  162.758  3363.43  70.0975  46.4919  18.331  12.0021  34.6553  36.9898  20.0694  19.7784  22.4276  0.295428  21.0724  1.2009
454  0  29.9241  15.8285  58.0896  18.0397  4215.9  71.3953  23827.9  162.742  10478.4  113.938  168.186  29.0858  40.9819  28.8063  49.0158  23.4728  10.9422  25.5501  20.8978  25.8114  1.25269
455  0  60.7496  14.9697  58.2688  15.8698  1385.72  42.0442  24666.2  161.327  2230.75  59.6805  17.4623  13.3077  27.9964  33.9418  18.7395  17.9103  30.8277  21.4464  41.145  17.5076  1.24807
456  0  37.6066  13.6274  79.638  16.5717  1319.94  41.4111  24935.3  161.615  2080.64  58.011  24.3894  15.6297  20.7744  37.7553  37.4638  18.7731  9.28045  20.3052  5.78665  20.0923  1.16659
457  0  39.7817  16.7292  76.9813  20.1979  4735.59  75.12  23992.8  162.483  11340.2  118.069  219.511  31.0542  3.4505  25.7841  45.606  22.1758  52.5927  24.4122  67.3824  24.516  1.19701
458  0  0.976658  14.6264  34.4525  19.9785  3163.15  63.3341  24008.1  161.709  5647.54  89.3229  458.167  38.8898  51.4874  36.5401  954.597  42.2756  67.1916  25.5931  63.2364  24.3334  7.76229
459  0  42.9395  14.6995  39.8104  16.1689  1603.64  45.8965  24677.4  161.282  2825.91  65.9305  20.0933  17.465  65.9286  33.5586  62.7855  19.6887  43.1399  21.4391  4.06534  19.5677  1.17911
460  0  49.5449  14.6009  37.665  15.1781  1493.35  43.5643  25008.6  165.245  2573.35  63.2556  8.64409  16.4473  34.4523  42.991  35.9783  20.8486  17.3029  23.9062  42.1986  24.1179  1.2868
461  0  22.9396  13.5285  54.8298  16.8849  1439.83  43.5647  25129.4  163.888  2451.24  62.651  0.700077  15.8279  29.2875  33.5161  31.7687  18.3977  24.5409  21.6447  4.04956  19.2789  1.22788
462  0  28.4474  14.0027  34.5686  15.7235  1391.88  42.5291  24909.3  161.972  2549.19  62.5389  0.675281  15.3661  11.8385  38.2234  57.9909  20.0656  61.8921  22.0743  19.0247  20.6605  1.16364
463  0  42.7978  14.8359  47.2933  16.7981  1489.89  44.1195  25148.4  162.973  2661.54  63.8935  64.9459  18.4287  13.3736  34.9399  177.505  23.9472  46.7656  21.6953  2.14497  19.6055  1.39765
464  0  47.3147  15.6833  71.5646  18.4399  1712.02  47.3004  24949.5  162.819  3313.13  70.0498  53.4215  19.3276  37.9172  32.2794  90.1792  20.9111  32.088  21.4819  0.00496026  19.635  1.23221
465  0  71.5332  16.1127  70.0673  17.5128  1971.89  50.1475  24876  162.627  3833.18  73.2916  77.4317  19.8558  46.8803  33.2301  90.7815  21.6914  24.8595  20.5598  31.3452  19.9743  1.19183
466  0  46.0395  15.5684  38.7208  17.7287  2392.5  54.7061  24776.8  165.644  4804.65  81.9775  123.49  22.3146  28.4879  29.8503  40.4089  18.3479  44.9794  21.088  1.53729  19.9276  1.241
467  0  98.3182  16.8682  77.5128  18.318  2666.82  57.5713  24881.5  163.463  5388.54  85.0811  125.035  23.5142  2.67508  29.6334  103.876  21.5593  47.1573  22.3671  3.07649  20.8268  1.21155
468  0  73.8888  16.1615  114.059  19.4733  2365.15  54.7754  24910.9  163.763  4738.5  81.97  91.4127  22.2547  16.6299  33.3778  89.6998  21.6438  2.47917  20.9282  72.9726  23.4103  1.17363
469  0  65.2091  14.3357  96.4106  18.1008  1632.25  46.193  24678.4  163.089  3031.42  66.8065  280.121  25.5774  48.1588  34.2654  45.4308  18.771  15.4304  20.5484  40.377  21.1692  1.19488
470  0  33.2171  14.0071  57.8726  16.2925  992.45  36.7473  25167.6  161.958  1589.78  51.0184  62.847  15.6587  25.4156  36.2561  202.808  24.1028  42.0653  21.3457  11.7658  19.3722  1.16039
471  0  2.38845  12.5216  78.7457  16.7401  650.861  30.8021  25405.4  162.937  1004.89  44.9271  12.4592  12.9091  7.66428  36.2087  106.066  20.8061  8.01696  19.9727  4.24703  19.2068  1.21134
472  0  223.634  22.4197  446.028  28.9373  1106.6  40.4588  25127.8  162.909  2762.45  65.0952  168.359  22.3731  54.7782  43.4076  1121.7  42.9408  61.8566  24.1136  71.8914  23.7233  1.14532
473  0  353.525  25.1434  644.778  32.627  1028.17  39.4668  25114.4  163.116  3386.42  70.2918  224.086  25.1644  40.9862  39.1802  912.364  39.1661  88.9345  24.2393  115.503  24.8868  1.23511
474  0  556.956  30.7756  938.809  38.6933  1272.09  44.3737  25015.5  163.814  4849.76  82.2477  321.44  29.6913  12.1105  41.0541  2354.63  57.4705  96.5437  25.6943  121.366  26.4036  1.11616
475  0  75.508  15.8553  188.293  20.3756  455.884  27.2975  25188.8  161.118  822.205  41.8779  97.7059  16.2119  39.1604  45.4864  283.876  27.1798  38.2957  22.5118  43.8246  22.3186  1.16389
476  0  106.86  16.4971  187.768  19.819  485.59  27.4465  25615  163.514  877.322  42.3928  96.4513  16.1641  65.8456  45.4703  193.89  23.7232  21.303  21.8298  28.9303  20.174  1.27967
477  0  636.401  33.2767  1261.97  44.1849  1734.78  51.1292  24370.9  162.795  6336.59  92.3346  572.709  35.2944  16.6639  38.163  2366.97  57.8206  129.751  26.7236  263.885  29.7827  1.1814
478  0  68.8823  15.3941  176.506  20.0268  718.178  32.2392  25335.7  161.919  1339.4  48.6837  17.9039  14.6786  84.9493  40.385  671.518  34.7252  15.209  20.2482  3.75015  19.023  1.10689
479  0  77.7459  17.0321  247.674  23.6988  1355.41  42.9561  25308.4  163.157  3039.39  66.6298  16.6649  17.4864  40.102  43.62  2575.64  58.6504  65.0475  24.775  44.5816  23.5866  1.28286
480  0  38.1488  13.8359  17.6311  15.1556  1817.37  48.0198  24743.4  163.069  2559.75  63.0783  97.2556  19.9953  26.5411  33.2807  30.5904  17.6663  40.3051  21.2313  25.9505  20.418  1.2249
481  0  11.0803  12.9853  66.7906  16.972  2506.3  55.1749  24571.6  162.529  4593.87  80.2016  81.5229  21.2685  37.9934  36.7911  47.9256  21.6755  33.6426  23.9868  32.4865  23.8313  1.20286
482  0  20.1291  13.4058  45.5319  15.7166  1505.92  44.0003  24882.1  161.815  2118.94  58.7015  17.1767  14.9589  66.2805  37.1853  60.676  19.1864  66.466  22.2879  4.32789  19.9275  1.23646
483  0  27.2478  15.267  69.626  19.5942  3675.87  66.8079  24671.5  163.942  7031.79  95.9452  101.254  24.6076  25.8445  29.2237  7.04523  19.3108  38.0556  23.2601  28.6598  22.5524  1.16222
484  0  18.6495  12.4919  46.4819  15.5526  1101.46  38.0049  25184.3  161.545  1515.56  51.5219  6.00806  12.4196  43.309  36.219  41.8186  18.5069  26.6388  20.1988  23.6408  19.9684  1.1324
485  0  17.1529  12.435  52.2989  15.4262  851.981  34.0734  25331  162.228  1001.6  44.2364  18.7563  13.3166  5.29504  38.7411  53.481  19.4098  52.6072  22.017  1.91851  20.7162  1.20815
486  0  15.0457  12.0672  36.3465  14.4583  687.802  31.2657  25083.8  160.962  804.541  40.5477  11.5633  10.7319  10.6923  38.2382  49.6457  18.826  47.3216  21.8551  20.0476  19.4178  1.20915
487  0  7.01333  11.9475  24.6227  13.1506  642.93  30.0339  25072.4  160.617  739.582  40.3811  0.182959  11.6119  15.4878  38.3753  35.7809  18.8193  43.8991  21.0394  26.3076  18.2478  1.28294
488  0  14.4121  13.8802  32.1288  16.3025  2214.22  52.9888  24402.1  161.64  6083.44  89.797  364.407  31.3525  9.82715  39.2684  1718.99  51.7355  24.852  23.7025  40.8801  23.6609  1.29106
489  0  30.6078  14.5508  40.7298  16.6215  1809.66  48.2421  24617  161.485  3210.64  69.2485  9.32771  20.2218  61.4961  32.6492  61.5671  20.0604  44.5928  21.8817  8.84352  19.3152  2.50407
490  0  46.1566  16.2256  91.0463  20.0414  3600.64  68.1494  24581.8  163.097  7185.51  96.4355  81.5077  23.5396  34.3534  28.1109  58.6023  20.9871  29.8278  22.5719  0.998813  20.6607  1.0869
491  0  18.9605  14.2662  72.0846  18.1912  1976.74  50.3237  25030  162.845  3536.02  71.3179  17.235  18.4321  61.0375  35.6908  61.9915  20.5163  89.1938  24.419  34.8711  20.1479  1.24045
492  0  45.5613  14.9823  100.65  19.5604  1949.58  50.4241  24728.9  162.401  3776.85  74.7503  669.059  37.7739  68.6502  41.2988  861.338  39.6718  56.2382  23.9052  46.0668  23.407  2.75828
493  0  38.8816  14.877  65.8773  17.5905  1854  48.8251  24710.7  162.109  3880.97  75.0605  42.4632  20.8222  30.8056  36.7406  134.237  23.201  76.5878  23.9734  50.7588  22.3829  1.53813
494  0  74.301  15.4456  83.0968  17.752  2080.02  51.2362  24795.3  162.94  4168.47  76.6558  113.54  23.221  28.3897  36.3079  243.725  26.8641  46.8109  23.6778  37.4802  23.2151  1.46144
495  0  69.7637  16.6324  70.5773  18.6559  2078.57  51.3332  24868.2  163.853  4174.93  77.6097  60.2995  20.2778  22.0776  31.6245  60.9816  20.2768  38.9864  21.7815  0.921509  19.2164  1.14689
496  0  56.7654  15.8162  107.736  19.146  2354.99  54.6121  25263.3  164.616  4577.98  80.0281  89.4658  21.7449  20.1556  30.5517  41.9378  19.9201  1.7289  20.9828  2.39601  20.3979  1.23184
497  0  45.4933  15.2673  55.0994  17.2236  2154.15  52.1023  24809.3  162.48  4234.63  77.356  92.6332  21.2038  57.0499  33.9118  63.6  20.6528  35.0528  22.3525  14.0579  20.8009  1.1969
498  0  71.0644  15.5973  99.1168  17.8785  1490.51  44.3799  24917.9  162.953  2892.92  66.6131  57.7361  18.2559  39.4301  33.5983  91.6781  20.8953  4.45784  20.0716  25.8476  20.9009  1.22872
499  0  28.9965  14.1185  54.0336  16.5508  1032.87  38.29  25007  162.191  1729.28  54.159  43.0466  16.2035  70.9622  35.7896  69.5874  19.9023  58.7118  21.351  15.9939  20.024  1.35489
500  0  30.4436  13.1642  54.8312  15.5398  679.318  31.1956  25207  161.418  945.961  43.4858  118.426  17.4445  32.1758  43.8924  138.922  22.3674  64.0678  23.2775  6.37973  21.1703  1.24304
501  0  469.766  29.1763  975.746  39.7003  2238.69  55.6022  24603.2  163.371  6079.39  90.4741  552.934  34.3606  24.6933  37.4004  1779.1  51.6308  70.9015  25.4534  530.606  35.3297  1.28139
502  0  534.793  31.2473  1432.28  46.3146  1946.59  53.6001  24216.1  162.685  7925.08  101.512  646.733  37.937  18.7401  32.3752  6620.13  88.767  67.1653  26.8175  393.59  32.5848  1.22165
503  0  126.225  17.2273  228.951  21.2547  447.036  26.9218  25457.3  161.986  1027.02  44.2356  73.747  15.3676  6.0423  32.1425  289.16  26.3486  25.0232  20.7926  2.23941  18.6966  1.41721
504  0  197.041  20.2911  284.858  23.5697  575.377  30.2912  25427.9  162.606  1701.09  52.8565  119.935  17.632  15.7317  38.3388  399.411  28.7187  74.1008  22.2018  16.6841  19.7257  1.30342
505  0  400.314  26.8639  781.681  35.4854  1026.45  40.1119  24879.6  162.801  4349.08  77.7552  230.422  25.9207  16.1417  37.9326  2314.28  56.0758  14.8194  23.2715  114.98  26.1862  1.16853
506  0  1006.17  39.4549  1768.56  51.3335  2247.57  58.0574  24101.8  163.239  10659.7  115.933  589.42  39.778  8.64311  30.3311  4597.07  75.601  46.3376  25.2952  343.915  32.0299  1.20488
507  0  371.037  26.2186  633.121  32.9834  1051.44  40.1184  24971.5  162.992  3919.99  74.7662  218.23  25.93  52.7624  42.2037  975.954  40.6792  29.2503  23.2249  81.8808  24.248  1.26149
508  0  434.151  27.0747  752.906  34.5898  1282.54  43.3525  24904.7  162.605  3528.82  71.3231  200.914  24.1274  43.2455  42.1689  1527.86  47.768  46.282  23.2024  72.4847  23.9687  1.06001
509  0  51.0781  13.8123  127.588  17.3049  412.873  25.3203  25425.6  161.368  623.598  37.2957  39.3371  12.5611  32.9696  37.2991  78.5896  20.1763  10.3234  20.4155  14.1108  19.8132  1.32533

