row  column  P-K  s(P-K)  S-K  s(S-K)  Cl-K  s(Cl-K)  Ar-K  s(Ar-K)  K-K  s(K-K)  Ca-K  s(Ca-K)  Mn-K  s(Mn-K)  Fe-K  s(Fe-K)  Cu-K  s(Cu-K)  Zn-K  s(Zn-K)  chisq
0  0  535.203  29.1911  904.316  36.6662  688.889  34.1063  23919.5  158.895  2421.4  61.6126  305.931  25.7674  33.8479  39.5983  1180.86  41.4454  105.146  22.5316  74.435  22.3067  1.19861
1  0  70.5047  14.4216  99.6795  16.3373  663.44  30.5415  25206.6  161.884  728.493  39.3755  39.6311  13.545  24.3032  37.3772  181.759  22.8304  56.0768  20.4887  2.81523  18.1583  1.32231
2  0  770.102  34.595  1319.14  43.9532  781.435  38.049  24034.7  160.926  5517.04  86.7019  362.373  31.5517  28.61  35.2407  1410  45.2366  42.4721  21.7814  267.511  27.6634  1.1811
3  0  18.0304  12.893  94.4525  17.7013  1299.22  41.1005  23272.4  156.18  2358.11  60.3337  33.2482  16.5178  38.8388  43.0611  296.408  26.7272  54.7454  23.2617  18.6766  21.1686  1.25689
4  0  620.769  32.828  1598.35  48.4182  2468.46  58.9271  22165.9  155.641  4278.32  79.54  1319.32  45.9806  25.3373  29.59  7770.2  96.4296  98.1308  25.0217  380.25  31.5283  1.24153
5  0  644.398  31.6546  1409.38  43.9484  1655.73  48.0893  22793.5  155.295  1587.15  52.8252  358.992  25.9055  52.1435  27.5395  9819.89  103.949  74.5068  23.8518  260.935  28.4787  1.24866
6  0  1222.39  40.936  1705.55  48.9324  1261.37  45.2488  23578.7  159.699  4493.69  80.1295  790.73  37.4338  15.4006  35.415  2816.41  60.0143  95.8143  24.8105  276.753  28.9002  1.25732
7  0  1360.07  44.0161  2259.43  55.8859  1971.69  54.7326  23310.9  160.16  7970.81  102.16  881.418  41.3807  2.72506  29.0912  3439.72  65.9854  118.17  25.1379  427.231  32.2814  1.20261
8  0  1198.78  41.0981  1776.6  50.0668  1520.52  48.8293  23462.5  159.84  6803.41  94.9264  627.908  36.5391  11.5149  31.8378  3202.56  63.3117  37.4918  22.4851  372.917  30.4168  1.19353
9  0  26.6571  13.1769  48.7199  14.9937  434.03  26.0663  24149.6  157.164  354.632  32.1933  35.1615  12.2074  58.3859  40.9751  74.2286  18.4685  40.1336  20.4892  37.0776  17.7968  1.19107
10  0  30.0646  13.7906  67.7081  16.9028  1216.49  40.248  22775.3  155.48  1603.45  53.1174  64.5711  16.2955  58.2244  31.6097  31.6613  16.7795  26.3977  19.3945  16.7379  17.7011  1.13708
11  0  176.614  19.3538  292.614  23.2399  365.682  25.0471  24650.2  160.603  1016.03  44.4202  44.4346  14.8557  52.3201  31.9308  248.907  24.282  56.2481  20.5356  4.62633  17.7844  1.23908
12  0  66.3147  14.9902  87.6459  17.5008  1370.2  42.2152  23652.3  159.176  2324.05  60.2166  54.3747  16.8804  5.13749  30.2718  140.191  20.6237  49.1448  20.6338  1.39109  17.9921  1.07986
13  0  816.313  34.7296  1513.45  46.0232  967.68  40.6711  23671.9  159.7  6252.53  90.5096  366.28  30.5624  36.7186  30.7288  4964.79  76.4366  75.0893  22.6958  302.904  28.5052  1.1668
14  0  1575.88  46.0066  2436.52  57.3274  1507.33  49.6466  22952.6  158.574  6129.44  91.6026  949.512  41.8463  68.0311  28.7393  5244.83  78.6384  84.0726  24.9861  584.546  35.4576  1.26517
15  0  50.5112  14.436  64.7744  16.2354  1159.85  39.2627  22848.7  154.529  1686.38  53.3819  90.2612  17.82  34.8122  31.666  70.9967  17.9903  47.5164  20.6723  22.5953  18.1979  1.17402
16  0  337.452  24.2583  587.199  30.6375  762.002  34.3369  23679.1  157.707  1757.61  54.758  336.646  25.1876  35.1655  41.0138  841.27  36.3985  60.191  22.0196  66.7771  22.3902  1.20625
17  0  671.991  32.674  1324.82  43.4445  750.649  36.775  23203.5  157.61  4278.55  77.3801  405.296  30.3966  28.2062  33.7725  3357.21  64.199  71.546  22.5072  200.665  26.4735  1.17721
18  0  1346.55  43.3463  2103.35  53.7589  1500.01  48.9557  22917.3  157.955  5261.55  85.853  797.959  39.0504  7.75658  30.868  4934.93  76.0978  136.558  26.5208  465.84  33.5449  1.18216
19  0  1768.92  49.4954  3216.22  65.1222  2358.91  59.3923  22029  155.996  4821.62  83.9605  1040.53  42.6456  20.7282  28.319  6237.64  85.0889  196.715  27.5868  610.415  36.0811  1.29553
20  0  1526.29  46.4859  2362.84  57.3687  1127.32  45.8081  23874.6  162.453  11310.1  118.477  786.535  42.1302  22.0135  26.6691  2711.88  60.7768  121.925  25.3001  482.536  33.055  1.31759
21  0  23.4441  12.8905  84.4916  16.0863  412.534  25.419  23787.8  156.062  525.219  34.7286  37.8364  11.8061  7.73996  41.2413  165.137  22.4099  54.8844  22.0247  27.9224  19.2195  1.17499
22  0  1635.56  48.3879  2770.82  60.8153  1596.72  51.2845  22765.9  158.359  6097.02  91.9895  1223.18  45.7214  34.7584  28.0788  5184.98  78.0156  89.7994  24.9784  625.397  36.0533  1.19959
23  0  943.179  36.7837  1587.14  46.3639  1477.05  46.5091  22362.6  154.452  1821.31  56.0923  521.597  30.2248  17.651  26.3224  9202.48  100.664  70.0452  24.0487  289.09  29.1144  1.21986
24  0  1645.58  47.3237  2183.16  54.8263  1346.64  47.5575  23648.9  160.701  5653.06  88.7518  980.414  42.3443  23.6919  30.4107  2902.31  61.1943  126.457  25.2451  497.961  33.0446  1.18955
25  0  1163.61  40.6364  1866.81  50.9253  1848.26  52.1977  23480.2  160.296  4146.2  77.8605  688.321  36.2692  43.8556  32.9665  4441.36  73.0329  132.194  25.1817  393.353  31.1749  1.24348
26  0  1343.96  43.0973  1995.26  52.3812  1108.86  43.8604  23593.5  160.231  5924.79  90.0514  746.313  37.9889  19.5048  32.2833  3262.71  64.2868  151.139  25.9942  330.618  30.1634  1.15283
27  0  67.9451  15.0352  102.061  17.7374  1695.26  46.2671  22889.3  156.096  2514.87  62.5173  69.7993  16.6593  5.37893  28.5824  43.1339  16.603  8.47519  18.1214  0.692175  18.8336  1.13253
28  0  34.7231  13.3016  60.0853  14.7145  400.676  24.9127  23038.5  153.41  404.439  32.2016  25.8849  10.7461  42.508  35.017  82.6359  18.9618  29.1437  18.5256  15.223  18.6547  1.18365
29  0  473.539  27.5483  739.618  33.7879  572.201  32.0423  24156.6  159.764  2941.6  66.2949  227.09  24.2044  95.8754  37.3319  989.255  39.0065  35.0909  21.121  42.1497  21.269  1.06072
30  0  55.0575  14.5709  151.826  18.7224  535.291  28.1038  25515.3  161.834  788.775  39.7455  58.2313  13.1875  28.7796  39.1247  434.795  29.7453  24.2068  19.612  14.6113  19.3341  1.04569
31  0  257.439  23.4333  663.607  32.6635  540.534  31.23  23986.8  160.114  2391.56  61.6816  162.717  21.8463  18.9103  38.8817  307.155  25.8362  65.8144  22.1265  37.4376  21.6377  1.20279
32  0  87.4453  15.7218  99.6735  16.9771  1104.83  38.0293  23313.6  155.653  1670.36  51.9777  54.6457  15.233  16.8757  34.53  307.481  25.5965  18.7672  18.8499  1.80588  18.1948  1.14758
33  0  813.152  35.1007  1529.19  46.727  1854.86  51.7901  22570.1  156.103  3476.19  72.3906  844.525  38.1387  36.0338  30.7765  5733.66  81.4073  58.9772  23.683  458.766  32.6423  1.24015
34  0  324.733  24.5774  813.533  35.3949  1465.17  45.3455  22185.1  155.472  2006.09  58.0437  760.146  35.4577  1.64216  30.9733  5740.92  80.7822  2.21759  21.2863  83.5641  23.9086  1.31211
35  0  1460.8  44.5961  2105.12  53.6512  1971.8  53.8687  23306.3  159.099  4479.24  80.2865  754.096  37.5038  20.6281  32.0463  4889.49  75.9357  119.945  26.0624  289.922  29.6935  1.24834
36  0  71.6878  14.9808  102.169  16.6408  437.231  25.6965  24620.7  158.533  500.445  34.2537  33.3801  11.1797  12.4694  35.9211  141.073  20.2582  40.8642  19.5746  3.2832  16.1112  1.24058
37  0  816.352  34.8379  1385.49  44.3088  1018.8  41.0564  23773  160.759  4970.41  82.4975  456.586  31.1903  34.611  33.9679  2077.97  55.2996  109.322  23.6951  220.638  27.0798  1.23251
38  0  1516.86  46.2986  2989.87  62.9623  1405.99  49.2424  22914  159.435  10884.5  116.568  867.998  42.7265  38.5001  26.756  1653.04  49.5689  211.747  27.1642  498.724  33.7008  1.18704
39  0  43.008  12.3154  118.109  17.0021  1123.12  38.0925  23203.4  160.115  1585.81  51.4946  39.945  14.6962  21.6423  31.7091  110.035  19.003  52.6467  19.9164  6.17653  17.3331  1.13533
40  0  52.4926  14.2387  129.55  18.1763  385.539  25.3762  23299.4  154.442  368.253  32.1649  39.1405  12.7736  56.9631  37.0108  198.216  22.6807  18.0845  17.833  9.44416  19.4449  1.2516
41  0  63.9559  14.5453  86.3764  17.5378  2273.19  53.0474  22099.9  153.525  3153.5  67.9167  247.151  24.9097  12.0116  28.9952  51.5147  17.3192  61.4229  20.564  3.34805  18.9731  1.14077
42  0  1641.12  48.7674  2960.57  62.94  1287.34  48.5023  23528.2  161.79  13002.4  126.277  783.553  43.4503  9.07565  27.4978  3573.01  68.888  172.286  26.1902  536.797  34.3428  1.16839
43  0  46.6974  14.9766  53.6971  16.5585  1446.4  43.2561  23211.3  156.189  2556.78  62.4459  28.3271  16.0644  23.0212  32.6511  84.3307  18.6895  69.5201  21.3228  0.119739  18.4494  1.16965
44  0  631.636  31.7419  1269.62  43.1196  1641  48.7654  23150.3  157.774  3901.34  75.0639  441.872  30.9756  45.7089  33.0689  1226.27  42.6394  43.1786  20.9784  173.835  25.0563  1.21561
45  0  249.258  21.8569  514.868  28.9754  678.728  32.7363  23986  158.445  1216.59  47.6144  101.76  18.638  57.995  44.196  1626.94  46.9399  77.9701  22.4847  101.707  23.2098  1.10503
46  0  43.8515  13.6104  92.3356  16.9551  1495.19  43.8352  22649.1  155.078  2448.09  61.3128  4.35353  14.9941  18.9074  31.5129  77.7497  18.6824  27.6586  20.0056  7.42774  19.1916  1.18909
47  0  1685.99  47.9598  2447.61  57.6024  1137.35  45.4113  23116.1  159.456  8331.85  103.96  1077.33  44.7065  44.3745  28.9368  5178.93  79.3439  122.969  26.3933  505.957  33.8398  1.12101
48  0  772.776  33.7767  1289.27  42.8789  720.852  35.9983  23241.3  157.608  4423.29  78.3945  441.521  30.4429  5.4359  34.5211  2253.65  54.2163  60.8271  23.0175  168.929  25.75  1.19443
49  0  1234.22  40.9393  2013.61  51.7868  1301.76  45.4375  22506.8  155.776  3227.33  70.7087  867.517  38.5118  10.5906  27.5797  7547.88  92.4612  114.201  24.9702  376.747  31.0257  1.22466
50  0  1488.74  45.6297  2360.38  56.8312  1219.17  46.6101  23231.9  159.956  10225.7  113.613  710.827  40.8114  17.0632  27.4912  5223.56  78.9767  110.938  25.735  419.455  31.9311  1.22334
51  0  71.8488  15.1656  115.621  18.2205  917.624  35.5755  23698.4  157.485  1386.57  49.1391  13.6112  14.2958  61.0644  37.9721  287.32  25.1664  26.2078  20.5046  8.2967  19.9203  1.09133
52  0  42.2888  12.9824  96.2213  15.471  383.157  24.1689  24064.9  156.543  315.874  31.3138  64.8528  12.687  3.08651  42.8917  57.5687  18.4101  62.5304  22.2201  14.8115  20.175  1.19837
53  0  655.316  31.1008  1613.19  46.0888  1214.67  42.5892  22390.3  154.013  1628.12  53.304  454.93  28.5196  8.35082  33.1431  4279.22  71.7149  123.228  24.3797  203.061  27.003  1.16716
54  0  1439.02  44.9931  2345.65  56.7362  2397.54  59.1057  23577.3  160.681  4375.4  80.4355  546.998  35.3106  17.9086  31.9076  5463.61  80.1634  133.525  26.5199  447.835  33.0919  1.16946
55  0  1087.49  40.2086  2275.47  55.9213  2887.33  63.174  23308.5  159.836  5207.04  85.8634  530.169  34.7944  25.4378  26.5865  11214.4  111.432  118.226  26.8765  447.572  33.7946  1.23713
56  0  909.135  36.8749  1492.58  46.4668  763.338  37.9173  23228.2  158.424  5958.08  88.9099  381.137  30.7343  20.4621  30.4746  1402.23  44.5787  96.1903  23.2765  241.386  27.0093  1.22101
57  0  50.8624  14.2542  96.1512  17.6453  2110.82  51.2734  22528.7  157.149  3798.61  72.4922  3.97213  16.8898  5.53665  27.5251  31.1157  17.4328  43.4915  20.7872  13.7228  19.5  1.12842
58  0  37.0079  13.722  19.2151  14.5948  1618.39  45.165  22335.8  155.773  2182.96  57.8405  44.8824  15.8155  6.27447  30.6791  21.6711  15.3613  42.302  19.7083  51.7557  19.9492  1.16366
59  0  1069.01  39.4484  1649.62  48.3918  885.717  40.3587  23892.8  160.811  5468.16  87.0861  644.847  36.9282  31.787  35.3163  3261.74  64.3385  36.1413  22.6458  336.026  30.4763  1.24694
60  0  60.42  15.365  82.8571  17.0215  597.516  29.8334  23845  156.705  729.298  39.145  21.1187  12.4189  22.8233  35.7684  135.41  21.0487  68.2101  20.2415  8.86154  17.5957  1.30984
61  0  90.1087  16.4391  240.278  21.8041  356.427  25.0331  24440.3  158.951  924.034  42.8683  15.7604  13.01  51.2628  39.9799  148.742  21.5948  63.1554  19.8789  28.6001  18.7082  1.14837
62  0  19.89  10.9994  113.647  16.3932  507.731  28.2793  23547.2  159.391  419.696  32.5441  60.0584  12.5778  11.176  30.9672  85.2124  18.3276  28.5698  18.6974  0.985344  17.3722  1.23915
63  0  25.257  12.8672  55.0249  15.7641  1465.86  43.2052  22105.6  152.47  1955.29  55.7742  145.457  19.1479  48.3459  31.2046  58.8382  17.6635  64.9318  20.8721  8.19239  18.1252  1.21948
64  0  1063.02  39.561  1969.17  52.5009  2845.57  62.4866  21873.3  154.76  4007.99  76.8313  531.266  34.039  24.9302  24.2645  12491.4  116.963  40.2976  24.7966  365.743  31.7528  1.20639
65  0  1663.97  47.9875  2373.6  57.3445  1261.94  47.383  23787.4  162.041  9742.88  111.718  731.853  41.4413  29.9117  28.6737  2521.67  58.7805  143.315  25.1575  468.423  32.7353  1.29655
66  0  142.353  19.7266  691.485  32.7417  1010.98  38.6587  24225  159.526  1974.72  57.1292  67.3559  18.6651  98.8805  38.3113  2925.78  60.0493  62.1268  22.2884  107.154  23.7718  1.3
67  0  276.792  22.6278  553.1  29.6553  437.357  27.9937  23867.5  158.138  1705.52  54.2398  104.398  19.4432  54.3126  37.6854  261.287  25.0406  40.7076  20.4027  40.9579  20.2748  1.19243
68  0  42.7799  14.6112  69.017  17.2715  1216.65  40.4654  23098.8  155.681  1902.57  56.1097  37.4001  15.1032  11.3719  31.913  123.41  20.0976  35.5071  19.456  11.8587  18.272  1.13921
69  0  31.9385  13.453  59.0249  15.5588  585.364  29.4286  23254.3  154.907  581.092  36.7296  30.289  11.9548  26.9305  31.28  161.702  21.414  0.127448  17.4566  2.35916  17.9937  1.18723
70  0  43.1289  13.7298  51.4024  15.711  1810.02  47.5724  22338  155.167  2491.21  62.1904  178.592  21.5077  17.3999  28.2016  54.7634  17.4512  40.2672  20.0778  4.11745  18.8585  1.15888
71  0  2019.57  52.5465  3812.55  70.4585  1608.16  53.2319  23345.5  162.107  15458.8  136.789  870.232  46.9998  27.3895  23.7876  1086.52  44.4074  355.311  30.8127  548.498  34.7604  1.2731
72  0  1286.25  42.419  2002.5  52.606  1407.96  47.887  23097.9  158.843  5789.7  89.3802  732.358  38.6038  26.9161  31.8005  5412.05  79.7101  88.8045  24.3293  467.544  32.8205  1.24521
73  0  229.295  21.5596  629.358  31.3238  650.669  32.531  23545.3  156.94  1658.05  53.1605  155.942  22.0109  66.8622  46.1502  1386.51  45.0908  65.8325  23.2319  67.1569  23.4949  1.16577
74  0  1814.39  49.2253  2465.82  57.8394  1107.6  44.9333  22899.7  158.759  8884.98  106.723  1100.18  45.2083  40.3011  29.2375  3800.47  69.7212  150.841  26.1905  492.519  32.8546  1.1975
75  0  1019.09  38.3059  1646.09  47.8606  1651.87  49.1378  22558.8  155.558  2914.27  67.0904  678.889  34.39  58.8723  33.1569  4313.73  71.5629  65.6438  23.8665  352.162  30.6408  1.24293
76  0  30.2303  12.8998  90.8504  16.5672  611.763  29.7723  22865.8  153.152  626.688  37.4292  36.0146  12.9899  65.2938  33.7784  90.8792  18.9021  71.7207  20.1698  2.48237  17.5302  1.21709
77  0  98.3398  17.0912  382.498  25.9813  1022.96  37.862  24411.4  159.686  1854.38  54.7213  30.5053  15.8109  26.1141  40.3575  1540.4  46.3385  13.7087  21.2394  15.1758  20.4338  1.13795
78  0  1619.77  47.3903  2407.99  57.5658  1580.53  50.9859  23031  159.123  7181.87  98.001  998.119  44.0789  3.63634  30.0928  4574.12  74.5269  135.535  25.6375  529.952  34.3515  1.29324
79  0  69.6836  14.1893  168.627  18.4931  290.073  22.0957  23611  155.525  387.97  32.8413  30.9832  11.3625  17.989  33.2161  101.312  19.3961  53.8221  19.9476  3.70025  17.1853  1.26877
80  0  1415  44.0231  2211.12  54.5262  1355.95  46.6707  22385  157.281  3802.14  75.3369  1074.45  41.7318  66.8325  32.2234  3897.93  67.9589  100.862  24.0663  546.231  33.6027  1.19114
81  0  1755.9  48.5427  2792.37  61.0333  2051.81  56.1539  22604  157.88  5845.02  90.1793  878.638  41.4307  19.3277  27.8801  7124.46  90.3337  145.403  26.4187  592.08  35.1368  1.26243
82  0  261.274  22.6623  837.657  35.0686  1694.25  47.9145  23386.2  157.706  2732.9  64.794  428.841  29.0411  1.29188  36.1764  1655.08  47.2616  8.53591  21.1542  109.867  24.0213  1.17998
83  0  65.2749  14.3134  125.619  17.312  494.695  27.077  23651.4  157.302  343.181  32.1012  171.508  17.2743  16.734  33.5409  77.2394  17.9978  93.2443  22.0208  21.5617  19.56  1.19095
84  0  1127.19  40.1182  1830.4  50.6093  1655.84  50.3191  23880.5  160.962  5913.85  90.6103  617.446  35.5713  13.37  31.4593  3761.38  67.1144  149.201  25.5137  337.834  29.8507  1.06422
85  0  677.731  33.0457  1353.74  44.0043  687.631  36.1818  23376.8  158.763  4967.69  82.5884  298.865  28.0376  50.3294  32.506  584.755  32.4834  76.826  22.4696  146.523  24.9553  1.16259
86  0  60.7419  15.0636  99.1853  17.7623  1545.52  44.2901  22864.8  156.386  2224.57  59.2433  5.21073  15.1279  18.5944  30.237  93.4267  18.5613  26.933  18.8783  0.380658  18.206  1.14074
87  0  39.0355  14.931  100.053  19.4255  2566.15  56.3964  22069.7  154.146  4263.82  77.1325  81.3622  20.8865  41.6238  30.4883  35.4197  18.6854  88.2132  23.6654  65.0782  22.8988  1.14521
88  0  24.3782  12.4266  63.0537  15.7018  794.513  33.1027  23208.8  154.744  710.256  39.1782  118.802  16.552  34.7634  33.076  100.675  19.0748  10.3255  17.7231  1.98424  17.8787  1.16961
89  0  44.7941  14.4335  129.18  18.5707  977.689  36.4623  23782.6  159.147  1601.69  52.4326  23.5787  14.6391  1.68731  34.2301  171.835  21.7012  42.9638  20.9861  38.0203  20.5107  1.21026
90  0  823.917  35.1476  1435.76  45.218  1152.88  43.1079  24025.1  160.794  4642.68  80.9468  444.935  31.4792  29.5642  35.1353  2702.92  58.6971  83.1804  23.0223  208.786  26.686  1.18427
91  0  76.827  14.5674  131.448  17.3488  468.843  26.2977  23860.2  159.269  424.571  32.8961  73.605  13.9219  23.7787  43.5569  181.793  22.8419  74.4386  22.5723  34.8639  18.9213  1.09878
92  0  133.102  20.0329  167.986  23.9652  6097.83  84.7702  21350.4  154.082  10374.2  113.704  742.592  41.2731  4.28329  24.5562  92.91  22.5784  31.4848  24.9004  384.01  34.1785  1.14798
93  0  37.0301  13.2866  82.5001  15.6551  689.641  30.6713  23103.4  153.984  622.641  36.9879  65.2123  13.8011  20.4726  36.7963  97.9731  19.4945  75.177  20.5455  34.8915  19.3132  1.13697
94  0  1498.51  46.2474  2400.31  57.8043  1308.52  48.3241  23477.5  161.282  10313.8  114.249  829.245  42.5394  21.3358  28.7947  3621.35  68.5944  132.285  25.0707  604.1  35.2944  1.2873
95  0  46.2499  14.5975  70.2248  16.9653  1158.43  39.3747  23979.8  158.797  1985.03  56.3728  35.2048  16.3121  33.3156  36.8086  188.689  22.3125  26.4509  19.8719  9.13699  18.9945  1.19288
96  0  1032.92  38.6024  1784.63  49.9296  1100.52  43.4459  23102.3  158.533  6787.34  94.3404  425.534  33.8287  36.7215  31.6659  2202.93  54.0584  140.924  25.0368  243.443  27.1591  1.23741
97  0  48.1826  13.7224  94.9885  16.7972  660.289  30.7629  23323.8  155.001  914.143  42.4784  11.0188  12.7286  51.2677  40.1779  106.341  19.9361  79.4679  21.7061  2.78691  18.2194  1.17044
98  0  21.1094  12.1802  30.3009  13.7481  884.118  34.3992  22550.4  153.006  1255.09  47.8324  35.9964  14.7275  16.4145  36.1414  31.1906  16.6181  0.0765394  19.0803  3.79766  18.6215  1.20589
99  0  902.731  36.2099  1380.33  44.3897  915.963  39.466  24147.6  161.168  5823.62  88.0052  371.314  30.3125  4.56481  34.3313  1706.22  48.2755  99.1641  23.4653  219.823  26.8204  1.2109
100  0  1702.17  47.7114  2480.92  57.721  1899.21  54.0492  23270.1  159.687  5539.89  88.0563  795.345  40.2869  1.18166  29.0549  6338.58  85.3542  157.994  26.2201  549.594  34.0462  1.32752
101  0  1047.79  39.1153  1927.98  51.9511  2316.84  57.5603  22698.9  158.468  4879.71  83.857  965.334  41.7833  63.0734  30.1319  5186.75  78.2513  89.5448  25.1685  454.306  33.0457  1.26116
102  0  455.967  27.5818  887.852  36.267  697.332  34.2321  23790.5  160.707  2655.65  63.8881  305.217  26.2619  8.24872  40.71  1910.38  49.6757  104.104  23.4847  130.232  24.5518  1.21911
103  0  518.605  29.1712  1417.34  44.0424  1173.08  41.8671  22848.2  155.472  2198.45  58.7824  444.611  28.1304  30.4533  34.4049  2877.97  59.7387  63.4627  22.5223  185.109  26.1456  1.27
104  0  60.0239  14.3485  84.5176  16.9017  957.37  36.1762  22668.6  153.628  1210.28  46.3095  18.7438  14.2216  35.9587  34.2015  105.266  19.4208  81.696  21.493  23.5455  18.8281  1.22558
105  0  1238.19  42.7673  2796.69  61.2836  3141.85  65.9825  23474.1  160.892  5511.35  88.1908  634.788  37.3436  35.9379  24.7664  10613.9  108.402  188.951  28.8475  452.636  33.1998  1.35926
106  0  532.811  29.172  964.968  37.8106  643.129  34.0396  23832.6  159.235  3772.5  73.2378  347.68  27.4826  50.1305  40.0504  2261.95  54.3293  60.4294  22.6595  217.33  27.2518  1.07161
107  0  892.819  37.074  2206.48  54.2652  1013.55  42.3327  22967.6  158.122  6704.64  94.1567  609.042  36.4884  53.7726  29.5725  951.246  39.422  252.521  28.1158  378.841  31.2094  1.24221
108  0  959.873  40.0071  2154.36  55.7867  1399.87  49.8754  21542.5  154.809  4778  85.1738  3780.27  72.8021  88.7857  25.4443  21865.3  153.008  178.445  30.5937  28056.7  173.93  2.28827
109  0  70.1843  13.8571  164.455  18.0129  388.304  24.3078  23409  155.934  335.523  31.2586  19.6483  10.0758  2.8556  47.1119  169.977  22.973  48.5349  21.4873  11.0108  21.2864  1.17046
110  0  59.6466  14.8194  228.9  21.0979  451.484  26.5898  24021.5  157.169  563.994  36.5533  71.2592  13.8327  41.7759  43.6862  849.445  36.6927  60.1347  20.7201  13.4512  19.91  1.2635
111  0  61.2373  14.2409  114.879  17.5561  1576.44  44.5463  23182.6  156.103  2481.47  60.9971  15.7527  15.4598  55.9389  32.7938  80.4845  19.3092  75.3014  21.4366  57.5589  21.3764  1.21846
112  0  966.727  39.3042  2266.61  56.7641  3137.73  66.3403  21953  156.712  5860.95  92.1336  2941.99  65.4369  41.1912  29.9129  7440.88  92.7356  173.309  28.6525  417.902  33.9538  1.27395
113  0  11.4992  12.2147  103.968  16.8997  528.404  28.1489  24640.2  159.165  662.177  39.3144  7.47841  12.6626  1.31881  42.3121  160.273  22.4225  83.9177  23.6663  0.485557  20.6201  1.15512
114  0  748.217  33.8602  1228.18  42.6196  894.337  39.4761  23439.4  158.886  5236.96  84.3466  306.422  28.8771  28.2227  34.3703  1987.09  51.8461  103  23.5982  222.606  27.0176  1.11121
115  0  62.8723  15.0503  77.3985  17.1655  1604.84  45.4311  22905.1  155.801  2411.51  60.8803  35.6027  16.591  30.8639  30.4891  55.355  17.3877  81.8105  21.5296  21.8322  19.3151  1.18715
116  0  41.4185  14.77  101.695  18.8491  3080.23  61.1765  22154.8  155.181  5284.54  84.556  103.255  23.5552  59.7699  28.2737  56.3068  18.7155  52.1429  21.4017  4.23546  19.8887  1.31445
117  0  18.5455  12.3545  112.982  17.5946  1757.2  46.8742  22416.2  153.921  2518.99  62.1764  64.4531  18.9149  2.30895  36.9326  23.1769  17.7043  90.024  24.0814  10.6385  21.3875  1.22246
118  0  768.338  34.295  1970.11  51.23  1859.26  51.6527  23089  157.695  3712.86  73.9557  374.64  29.7552  10.8549  31.2623  5313.66  79.166  50.9966  23.9551  227.985  28.2203  1.14461
119  0  225.15  21.0681  384.002  26.1494  471.94  28.7654  24562.8  159.793  1455.28  50.3358  46.3864  16.1948  82.2391  38.8807  589.107  32.4281  8.2627  19.2549  30.1785  20.1587  1.31458
120  0  1173.31  40.6649  1934.21  51.2101  1018.66  42.1333  22971.3  157.724  5036.39  83.6681  832.552  38.9058  57.3772  31.7829  3119.99  62.5919  73.8914  23.9547  358.871  30.9863  1.27739
121  0  41.4552  12.2479  129.376  17.4261  1144.01  38.524  22599.7  153.441  1441.49  49.9787  109.069  17.9896  65.4205  29.9167  79.6318  18.1849  48.412  19.714  0.915752  17.3874  1.36601
122  0  36.1395  13.1601  100.016  16.3816  503.305  27.0001  23399  154.634  401.697  32.5086  73.7955  13.4891  19.1217  36.8564  217.267  23.1508  28.7037  19.3888  11.7197  17.9901  1.34442
123  0  928.879  37.242  1711.77  49.1784  1536.22  48.8722  23855.1  162.182  4620.88  81.319  512.503  33.6441  29.3656  32.7778  3350.16  64.125  123.898  24.9298  314.445  29.3617  1.19567
124  0  27.7116  14.2365  74.0005  17.5306  1503.33  44.3123  23588.4  157.263  2369.14  60.2066  27.6711  16.2818  0.952189  34.2476  118.646  20.5601  143.359  24.3272  6.87584  19.1403  1.13553
125  0  457.124  27.4397  805.507  35.042  591.615  33.5125  23380.1  157.264  3133.05  67.8164  148.396  23.2992  63.6756  38.4767  1228.23  41.2316  83.0126  23.3903  64.4366  22.5033  1.21323
126  0  46.1368  13.7422  109.565  17.5717  870.295  34.4189  23210.8  158.866  1176.27  46.0324  19.7382  13.4703  1.6862  31.6805  126.163  19.1921  78.9966  20.4695  45.6799  19.3442  1.17059
127  0  105.557  18.3674  128.532  22.0831  4676.87  75.1882  21538.5  153.493  7206.91  96.3332  597.685  36.156  38.7482  23.3447  71.721  19.8886  56.2869  21.6173  174.168  25.9991  1.22584
128  0  1756.56  49.194  2757.11  61.4035  1381.76  49.3942  23553  161.721  12873.4  125.628  769.923  43.2164  9.90019  27.183  4979.54  78.3434  130.28  25.3976  456.879  32.7684  1.21667
129  0  1953.64  51.1135  2781.78  61.3114  1342.26  48.9317  23112.5  160.224  10728  118.633  1073.44  47.0906  15.8723  25.0747  4141.18  70.4679  116.846  25.4171  552.232  34.1102  1.2339
130  0  1185.48  41.2174  2095.8  53.8974  2172.12  56.4891  22606.7  157.436  5785.86  89.6613  930.645  42.0107  8.19468  29.4875  4125.51  71.0014  128.198  25.4314  535.473  33.9156  1.24436
131  0  1716.38  48.5732  3129.7  64.4289  1642.24  52.4859  22224.7  157.225  7906.45  102.544  1222.91  48.0669  14.3088  26.5161  6765.4  88.3779  202.724  28.4393  803.606  39.4487  1.2155
132  0  848.36  36.0591  1775.44  49.8019  2293.39  56.4056  22215.1  156.774  2876.96  67.4531  617.002  33.6293  3.10031  24.1048  11846.5  115.539  152.794  26.154  421.564  32.0978  1.20308
133  0  529.71  28.913  1220.6  41.2489  1413.89  44.8011  22706.6  154.857  1396.66  50.3582  334.754  24.1363  14.6894  36.9696  1894.77  50.3915  68.7641  22.7231  142.161  24.2111  1.1756
134  0  28.6384  14.3854  67.6182  16.8436  1157.55  39.3358  24001.8  159.423  2024.64  56.2063  0.167199  13.6607  1.02735  30.6679  192.277  22.8251  1.11798  16.4235  4.76406  18.6706  1.2871
135  0  758.479  33.6076  1281.34  42.6357  728.808  36.1216  23704.9  159.977  4236.7  77.2046  401.273  30.105  26.6324  32.7185  909.869  36.7948  93.2821  23.2071  222.181  26.3253  1.20675
136  0  23.3588  13.4983  62.8653  16.4086  788.048  33.2768  23611  156.914  1195.14  45.7507  17.1677  10.8614  42.7909  36.0567  187.031  22.9325  71.9929  21.3059  22.0301  17.473  1.10481
137  0  1481.77  44.5452  2460.63  57.0165  1485.18  48.6684  22150  155.374  4089.64  78.0556  1108.33  43.2343  24.357  26.8158  8936.63  100.094  140.419  26.4359  621.406  36.1639  1.34754
138  0  1098.51  40.3312  1887.45  51.9726  2193.83  56.8081  23195.4  159.527  6444.34  93.8408  876.473  41.4121  23.9763  31.1227  5365.47  79.3707  137.434  25.6659  454.143  32.801  1.31307
139  0  54.9623  15.0571  43.254  15.9563  1557.66  44.6044  23091.5  155.733  2507.95  61.5018  44.3435  16.2853  44.3653  35.4731  99.3925  19.6249  64.4949  22.5019  22.2563  18.8789  1.1361
140  0  40.789  14.0578  44.7306  15.4458  1722.71  46.5185  22756.6  155.441  2656.51  63.5041  23.027  15.8738  15.2771  30.2994  19.6341  16.0726  36.2053  20.337  23.9076  17.8391  1.18309
141  0  85.6675  17.0031  386.287  26.2628  925.075  36.5458  24675.6  160.447  1658.88  52.905  42.1287  16.3418  23.8947  36.1355  2501.43  55.6257  19.4947  20.3543  56.3078  21.9066  1.23804
142  0  513.68  28.5726  895.302  36.589  663.354  33.8232  23904.2  159.679  3663.3  72.5113  177.907  24.6923  38.5529  35.3961  1491.92  45.0741  23.7702  21.3143  112.699  24.1543  1.2335
143  0  1406.92  44.0902  1871.01  51.4988  1300.23  46.6334  22924.3  158.149  5321.16  86.3217  788.617  38.9478  2.21302  30.5465  3807.35  68.0616  67.117  23.4292  424.518  32.3624  1.31645
144  0  39.9433  13.5707  93.8769  17.0345  1047.41  37.6021  22885.2  154.268  1441.39  49.7696  40.4898  14.8067  32.8391  31.6606  85.8164  18.4756  43.1313  20.0751  15.9208  18.7363  1.14481
145  0  48.3844  13.9583  68.4203  16.0281  1499.76  43.4929  22434  153.073  2144.9  57.2706  85.6277  18.0965  88.6927  43.3265  2195.46  54.65  35.944  21.8052  3.55737  19.848  1.77219
146  0  51.4745  14.3128  123.155  18.0882  447.28  26.5277  24051.5  157.056  468.198  34.3987  45.2329  13.0364  34.4991  38.3205  201.313  23.0466  62.4041  20.421  14.3424  18.3325  1.24569
147  0  25.474  14.2159  101.736  19.0491  1546.14  45.0542  23632  158.211  2428.63  61.2693  9.49087  15.7742  48.5527  33.153  167.105  21.4753  19.323  20.0413  19.1968  19.3563  1.09173
148  0  1323.39  42.475  2170.11  53.859  1354.22  46.7391  22502.2  156.482  5005.14  83.9522  914.098  40.9093  35.629  30.9928  4346.11  71.8053  120.235  24.6395  340.393  30.0627  1.14389
149  0  37.5945  13.2093  27.7075  14.1564  1202.22  39.6405  22526.2  153.602  1566.17  52.9797  94.9388  17.6462  4.56412  38.5443  86.7243  19.585  7.63085  21.088  6.38925  20.9573  1.12254
150  0  307.047  23.3852  506.49  29.0938  605.88  31.5775  24605.8  160.321  1700.62  53.6836  108.597  19.1324  36.3177  38.133  326.834  26.8808  63.0386  21.1831  30.1532  19.6488  1.18801
151  0  2078.61  53.5996  3969.4  71.9288  1667.29  54.3652  23154  161.84  16305.3  140.357  1018.75  48.7229  21.464  24.146  1537.3  49.2813  233.697  27.9818  625.513  36.0087  1.16712
152  0  1583.33  46.7269  2873.59  61.3981  2014.53  55.3804  22355.8  156.918  5715.43  89.7588  727.654  38.3501  42.9972  27.3043  8013.87  95.6118  169.208  26.8555  545.278  35.0678  1.14962
153  0  465.97  28.787  1620.09  47.0558  1965.74  52.2308  22139.7  153.865  1792.24  55.9693  191.261  22.9485  28.7245  23.6988  13445.9  120.807  117.587  25.7346  212.282  28.1086  1.17594
154  0  1703.46  47.6099  2291.2  55.7482  1591.79  50.504  23582.5  160.413  5157.71  85.9266  947.692  42.2225  32.0836  31.4421  4261.85  71.7538  105.338  25.3581  506.358  33.3902  1.30732
155  0  826.232  35.5445  1651.93  48.0617  1014.59  41.8065  23507.3  159.414  5230.05  85.0408  569.31  34.6683  2.34728  34.6239  3077.46  61.9121  67.1183  23.128  236.271  27.399  1.16528
156  0  221.257  19.887  371.366  24.68  371.813  25.1506  23948.6  157.582  1020.43  43.4716  129.688  17.7909  0.275465  40.4892  450.226  28.9742  49.7506  20.6843  90.3173  21.7942  1.221
157  0  606.393  30.1384  1379.25  43.4354  1355.98  44.4947  22655.8  155.17  2054.82  58.6676  443.731  28.9525  2.98141  34.1546  2904.84  60.2647  107.419  23.7727  189.184  26.5532  1.32522
158  0  37.3469  12.4934  137.163  17.2499  438.778  25.4073  22732.6  152.799  450.745  33.0745  8.79008  10.1705  55.974  30.6984  173.132  21.0653  4.79244  17.5821  0.225953  17.3993  1.28992
159  0  40.2277  13.4957  93.8304  16.3958  665.605  30.6903  24913  159.984  803.027  40.8036  40.3347  13.0484  18.3801  34.5831  197.872  22.7874  23.0403  19.3592  1.88098  18.135  1.2075
160  0  1209.26  43.728  3283.03  66.5443  2762.66  64.4232  22985.3  160.859  12241.9  123.862  1059.65  47.1714  60.8615  25.1266  1557.01  48.693  111.607  24.6206  527.708  34.6915  1.26071
161  0  49.641  13.6961  104.371  17.2694  978.29  36.1519  23228.1  155.319  1273.88  48.3535  16.0464  13.4213  41.8493  34.5598  225.915  23.8739  2.21298  17.5163  1.23738  17.3399  1.5032
162  0  64.8187  14.7015  81.4544  16.8989  1280.92  41.0298  23175  155.928  1960.68  56.714  22.3205  12.8711  29.6375  31.3254  54.6334  17.7247  5.79637  18.7188  2.86413  18.611  1.20114
163  0  25.5054  12.3791  52.2076  14.0166  556.041  28.068  23116.6  154.158  482.181  34.2435  17.1839  10.813  33.0454  33.639  117.792  20.013  51.6364  20.065  9.73015  17.2859  1.37558
164  0  1429.88  44.7049  2153.45  54.5576  1092.72  44.5443  23750.8  163.767  7865.19  101.467  746.331  40.1642  32.9088  29.8995  3620.27  66.6767  109.66  24.8827  393.453  31.3179  1.22079
165  0  1049.52  39.6445  1940.66  52.2063  1611.48  50.3652  23053.4  158.933  6822.12  95.5478  698.083  38.7322  39.9202  31.7767  4073.31  70.6627  80.1696  23.6042  339.847  29.2456  1.2231
166  0  80.1457  14.4721  125.964  17.5315  1286.7  40.8982  23110.5  155.726  1826.91  54.0821  9.69606  14.0711  12.3691  31.5617  213.439  23.424  36.188  19.5061  3.45158  18.3474  1.2431
167  0  12.4227  12.6794  57.3011  15.7109  587.528  29.3702  23487.6  155.202  562.426  36.5611  91.426  14.9485  31.3441  33.8698  62.2197  18.029  78.6232  21.1193  16.13  18.0075  1.20015
168  0  1336.5  43.7272  2070.83  53.8894  1487.79  49.4851  22945.5  158.948  8004.66  102.024  678.007  38.2103  31.8586  30.3306  2963.77  62.6621  164.443  26.8194  361.778  30.8519  1.16932
169  0  1618.06  46.8133  2658.91  59.6793  2132.4  56.4085  22164.1  156.188  5787.58  89.551  775.474  39.3721  57.1106  26.6621  5551.52  80.3246  120.207  25.8179  540.245  34.5004  1.27115
170  0  43.6575  14.3859  75.7346  17.3643  1650.11  46.0644  22836.6  154.934  2527.67  62.0165  92.7612  18.8538  11.2723  33.3052  101.41  20.0583  31.8899  20.3386  43.0832  21.3855  1.13729
171  0  50.9343  13.5098  77.053  15.5796  445.34  26.2437  24546.5  159.2  508.302  35.623  59.3207  13.5569  37.2925  42.65  89.2191  19.9899  55.7223  21.725  43.5418  20.5216  1.10737
172  0  1123.34  40.8123  2198.52  54.8441  1111.1  44.5898  22344.8  156.848  7516.06  99.2712  792.82  40.049  6.97356  27.1288  6447.06  86.618  126.147  25.4585  434.242  31.9997  1.17502
173  0  781.747  33.842  1711.75  47.76  1269.27  44.0277  22452.9  154.764  2404.91  62.1827  547.331  31.444  30.809  27.2103  9807.84  103.875  97.4434  25.072  387.147  31.2739  1.30252
174  0  1358.42  43.487  2151.23  54.308  1148.33  44.9328  23407.7  160.282  9657.44  110.227  697.964  39.1572  30.6163  30.1178  3054.93  64.2428  66.9643  24.2522  345.364  30.6766  1.21461
175  0  48.8379  13.8081  124.328  17.6692  445.951  26.2998  23401.1  154.985  591.043  37.8601  0.497381  10.6984  1.3832  41.8095  92.6782  19.7685  87.0669  21.7337  16.4149  18.3579  1.24991
176  0  561.49  30.384  1497.28  45.1938  1616.37  47.7735  22488.5  154.252  1361.95  50.5245  258.094  24.1863  11.2808  24.3682  11969.4  114.148  55.2917  23.6373  277.074  28.8319  1.15873
177  0  1578.58  46.5363  2317.9  56.278  2108.15  55.7735  23153.5  159.019  4670.6  82.0856  593.478  36.1228  52.4449  29.9209  6633.42  87.5944  142.106  26.7164  496.246  33.3623  1.32152
178  0  1533.84  46.0934  2504.35  58.5212  1183.78  46.7585  23101.4  160.076  11256.7  118.423  779.739  42.334  15.4716  27.2587  5195.1  79.773  109.571  26.0955  378.416  32.3821  1.18853
179  0  1503.32  46.2023  3223.06  65.2004  2458.74  60.7512  22445.9  160.943  7332.38  99.3938  1180.22  46.4347  28.0855  27.9824  4086.05  70.2428  244.837  29.0076  528.58  34.7479  1.15087
180  0  857.89  35.1372  1857.42  49.4763  1655.28  48.3139  22274.6  153.884  1732.92  54.7296  507.847  30.0083  9.91806  24.6657  10311.3  106.297  59.1903  23.568  374.782  30.9907  1.23496
181  0  837.502  34.9092  1208.02  42.027  1572.79  47.7693  23662.2  159.134  3605.44  72.7308  271.732  27.3091  25.5792  35.9771  2825.44  60.0119  80.5237  24.116  173.674  26.1727  1.09997
182  0  1655.05  48.3718  3543.89  68.0687  1899.69  55.8002  23091.7  163.048  12005.5  122.492  852.639  43.4287  23.0634  25.9501  1259.02  45.3201  320.744  29.562  584.2  35.7086  1.21906
183  0  58.5858  14.335  135.714  17.8979  387.327  24.9309  24003.5  159.099  428.235  33.7668  37.0087  12.3853  67.0956  35.1181  182.469  22.0405  86.0481  21.5165  16.3789  17.5753  1.32736
184  0  53.9054  14.633  82.2724  17.2045  1397.54  42.7851  22605.2  154.288  2080.9  57.824  7.2922  14.7992  40.0425  31.6908  72.6007  18.0572  13.6317  17.9325  6.49107  18.7589  1.12784
185  0  293.881  23.6795  792.413  34.649  1412.54  44.1686  22470.1  154.141  2392.44  61.1383  204.917  23.382  1.80164  37.3501  2752.13  60.3667  59.1181  22.0286  147.809  24.0685  1.26543
186  0  429.39  26.3756  725.931  33.4017  562.501  31.2992  24249.3  159.502  2203.91  59.0483  283.218  24.2039  47.4072  40.3433  1256.27  42.5713  6.0621  20.8246  64.4634  22.1271  1.29038
187  0  175.76  18.6057  426.182  26.1413  789.591  33.8111  23756.6  156.906  1194  46.227  137.333  18.4218  23.6206  41.6126  1363.75  44.0129  30.7703  20.7053  28.8943  21.0487  1.28192
188  0  69.8596  14.1746  88.7035  16.5623  1396.75  42.462  23277.4  156.458  2285  59.5495  30.1433  15.5835  11.9066  30.9533  96.5001  19.6321  79.9238  21.4199  1.64755  17.6033  1.11722
189  0  28.6835  12.838  106.727  16.5607  485.349  26.8935  23278.2  154.388  483.481  33.9515  0.822926  9.39593  0.974448  43.6754  149.651  21.3305  67.4013  21.9674  5.13833  18.927  1.21484
190  0  55.2062  14.2411  79.2293  16.6593  1482.52  43.5458  22850.5  155.056  2071.85  57.4415  38.5531  16.2469  49.4192  31.6142  53.3219  17.0969  21.5996  19.1228  11.4818  19.1306  1.11333
191  0  1018.67  38.753  1825.25  50.6191  1311.2  46.7722  23751.5  160.886  7157.32  96.9032  512.343  35.0242  18.0626  31.387  2678.64  59.2289  83.3404  23.4981  241.834  27.5452  1.25604
192  0  892.897  35.7348  1507.68  45.5935  781.398  37.417  23051.6  157.275  4859.96  81.5421  499.679  32.5432  5.37261  32.9151  3857.68  68.7485  109.437  24.1811  268.547  28.2673  1.17849
193  0  70.59  14.7196  83.5407  16.3829  907.191  35.0976  22966.5  154.505  1267.63  47.9292  5.98563  12.6163  26.9619  30.8332  104.638  19.167  19.9208  18.4499  15.9643  17.1246  1.15219
194  0  37.2624  13.5555  63.6099  16.2083  1083.49  38.2994  24037.1  158.179  1632.98  52.4571  31.5264  15.0646  67.9742  41.1396  169.607  21.9814  104.941  23.2848  0.0557372  20.3799  1.2482
195  0  359.196  24.6015  723.191  32.7854  507.663  29.818  23414  156.583  1831.65  55.1329  206.276  22.3571  8.56424  36.2328  787.335  35.5558  56.1657  20.6222  56.002  21.0051  1.192
196  0  740.677  33.8744  1828.24  49.4115  1374.15  45.6425  22630.7  155.609  2484.19  63.4866  582.75  32.5757  49.3762  23.6577  12135.3  115.162  69.4825  24.5708  395.34  31.1468  1.19376
197  0  559.194  29.6918  1311.76  42.7925  717.065  35.6769  24066.2  160.481  4523.2  79.1167  293.77  27.8097  30.6896  33.5314  489.518  30.9374  161.884  25.8449  78.5049  23.6855  1.12854
198  0  94.0623  16.3636  216.428  20.7618  593.14  29.8627  23885.4  157.023  718.126  39.6809  91.1621  16.0567  18.9368  35.935  460.558  29.6345  44.0684  19.7499  19.2433  18.7794  1.22249
199  0  392.943  26.5295  934.274  37.5894  1422.62  45.2558  22014.5  153.024  2313.44  61.1556  347.261  27.5651  5.09241  21.1822  25247.3  163.045  104.744  25.5595  186.091  27.5638  1.20046
200  0  1534.66  45.8933  2195.46  54.7384  1296.14  46.8134  23715.1  160.998  6580.01  94.4114  973.706  42.0994  19.4143  31.2499  2813.09  60.3248  71.7039  23.9111  462.533  32.8749  1.24115
201  0  1849.02  50.8532  3482.38  67.789  1713.23  54.121  22909  160.123  12789.2  125.949  1164.41  48.8676  32.7685  27.0845  5453.79  81.9237  117.486  25.3993  589.246  35.6098  1.22607
202  0  1698.03  48.3121  3014.37  63.1062  1839.47  54.1677  22321.4  157.258  7363.93  99.1544  1231.26  46.6437  57.6877  29.843  2846.87  61.0041  200.625  28.1085  516.821  34.5977  1.21168
203  0  717.869  32.8581  1494.19  44.9919  1575.43  47.1611  22127.4  152.98  1492.42  51.3573  379.068  26.614  17.6547  26.2121  9293.46  101.487  37.5472  23.0348  327.707  30.1758  1.31464
204  0  47.6611  13.5758  143.7  18.2563  637.378  30.3362  24369.7  160.733  858.969  41.8192  26.8142  13.6055  25.363  52.0774  122.547  22.3295  55.3807  23.8394  58.9413  20.533  1.26531
205  0  786.52  34.4767  1381.5  44.6937  1359.69  45.8814  23807  160.129  4315.23  78.4318  438.2  31.941  16.7788  35.3637  2453.71  56.2724  51.9652  22.9361  298.294  28.6224  1.16721
206  0  63.9133  14.6623  97.3939  16.6516  523.664  27.8883  23741.7  155.957  649.042  37.9887  25.0516  11.826  35.5438  34.1197  159.823  21.2137  18.3044  18.4168  3.66407  18.4478  1.32034
207  0  39.4468  13.4291  89.2169  17.5637  1720.66  46.6012  23020.5  155.734  2777.98  64.4646  84.6176  18.5942  47.2222  31.9032  55.9193  17.5752  43.1492  20.1009  0.251843  19.1326  1.26303
208  0  52.5212  14.2592  77.7152  16.6114  1093.27  38.3067  23147.5  155.521  1473.64  51.0948  40.9035  14.8312  40.904  34.928  94.4243  19.9398  52.1092  21.0279  3.08674  18.7263  1.08698
209  0  55.6578  13.7783  108.922  16.7019  875.227  34.1474  22832.4  153.851  827.314  41.4089  63.5215  14.77  51.0041  33.4967  29.2252  16.9955  59.3408  20.6727  16.5689  18.2641  1.18132
210  0  1640.65  47.4053  2436.05  57.9011  1214.36  47.1976  23739.7  162.05  11209.2  118.305  889.899  44.0126  72.7106  28.7449  2853.95  62.178  108.33  25.6523  396.063  32.0789  1.28881
211  0  1216.75  42.0905  2183.21  55.1966  2561.22  60.5024  23189  159.617  6004.35  91.2309  962.718  42.5688  24.2226  31.2306  5479.16  80.4699  160.711  26.4351  433.442  32.7152  1.24434
212  0  1700.86  49.1355  3975.88  71.6449  1838.47  55.7976  22598.4  159.569  13565.1  129.102  816.841  44.7424  27.1805  26.1021  2772.84  61.9669  331.675  31.007  571.456  35.5068  1.11796
213  0  62.629  13.6846  120.903  16.5986  668.532  30.4133  23494.7  155.527  801.03  40.3011  28.5979  12.4238  62.7458  35.465  216.099  23.4561  74.3995  20.8332  32.5828  19.098  1.29593
214  0  985.092  37.5314  1825.1  49.5159  1060.58  41.5548  22430.9  154.788  2351.67  61.9527  668.978  33.8395  41.0421  33.2116  4253.46  70.8264  85.5279  23.6409  264.95  28.3296  1.20938
215  0  32.7288  14.2459  79.7272  18.1754  1873.9  48.8018  22802.1  155.757  3360.2  70.0599  5.67913  17.8846  0.490136  26.71  43.1254  17.0223  13.5284  19.1354  4.14178  18.5227  1.19562
216  0  522.375  29.4685  1420.78  44.6  1683.31  48.8406  23240.8  157.453  2618.8  63.7269  190.346  23.7594  9.70271  26.404  10290.4  106.403  84.4303  25.0158  169.615  27.1101  1.33827
217  0  516.599  28.4181  842.854  35.4512  604.86  32.6464  23700  159.127  2721.69  64.3839  360.844  27.276  27.0403  36.8057  1656.53  46.4384  14.8273  21.245  163.751  25.2662  1.11427
218  0  21.9552  12.4223  90.3779  16.7206  1008.25  36.6475  22658.3  153.923  1266.4  47.696  34.3634  14.5675  52.9162  43.7712  117.951  20.5806  53.1074  21.663  37.8558  21.4865  1.286
219  0  37.9232  15.1672  31.7396  16.3025  1301.47  41.6351  23749.6  158.158  2097.04  58.3282  30.1793  15.7585  1.9736  32.5415  133.729  21.1461  51.1886  20.7173  1.21818  18.1004  1.09869
220  0  1117.86  40.687  1870.02  51.6941  2036.04  55.1714  22776.8  158.069  6234.84  91.8344  1029.15  42.4592  57.2649  29.8913  5394.51  79.6531  108.002  24.66  451.361  31.4733  1.39097
221  0  1255.93  41.646  2076.97  52.7724  1710.56  50.5724  22381.3  155.44  3000.17  68.4789  786.52  37.0907  7.24653  30.5136  5487.1  80.0782  94.8195  24.3242  308.27  29.699  1.21436
222  0  578.165  34.571  1344.65  45.8818  621.923  38.12  23223.2  160.443  4717.09  85.386  23806.8  160.817  24.3988  20.929  608.456  33.6306  183.454  26.9442  372.063  30.9275  1.08834
223  0  697.131  32.4784  1244.57  42.3232  779.11  37.0257  23845.7  161.086  4373.66  78.6197  393.201  30.1921  12.1483  35.9738  2175.77  53.6643  89.2036  23.8576  198.804  26.3201  1.20184
224  0  872.453  36.8573  1856.53  51.4096  2615.84  60.4953  22714.4  158.027  5291.97  86.7266  1017.99  42.772  15.6142  29.0764  7436.74  91.8108  100.21  25.4312  568.679  35.2601  1.18901
225  0  487.52  28.9934  1255.4  42.4454  2047.18  52.5584  22297.2  154.357  2324.57  60.9977  247.28  24.7752  53.6779  32.6506  6158.33  84.1765  116.253  25.3319  96.4244  24.9586  1.19889
226  0  1479.21  44.5841  1829.68  50.42  1129.05  43.5625  23538.3  159.586  5036.74  83.5792  852.954  38.3468  16.8686  31.2842  2357.26  55.1236  81.0277  23.1568  338.089  29.8734  1.22605
227  0  61.8768  14.7107  109.729  17.9061  1366.84  42.1848  23592.3  160.85  2042.44  56.5366  30.1876  15.6853  55.7937  38.3804  150.998  22.2733  48.0366  23.0043  5.72633  21.0579  1.21132
228  0  1277.18  42.8436  2232.5  55.55  1480.86  49.7671  22646.3  158.195  8921.84  107.073  786.61  41.7339  32.5584  30.4756  3675.68  68.063  104.19  24.3132  426.204  31.604  1.20259
229  0  161.316  18.7111  254.374  22.4118  487.109  28.2855  23615.2  156.13  677.754  39.2927  102.425  16.2959  18.6695  35.5149  399.685  28.44  19.5946  19.0624  2.689  18.2737  1.17837
230  0  53.5883  17.8153  78.9027  21.9138  5151.47  78.6591  21467.5  154.581  10113.6  112.331  295.915  32.9224  44.4045  25.2051  87.4317  22.797  54.964  25.2157  43.0705  24.5921  1.12202
231  0  1265.19  42.2441  2123.93  53.9303  1135.03  44.7643  23989.6  163.255  8968.63  106.715  555.699  37.6422  63.3557  28.4136  4110.86  72.076  98.4831  24.6915  303.395  29.4706  1.2829
232  0  1057.43  39.4878  1924.51  51.5859  1330.87  46.8045  23198.8  160.245  6679.74  93.8101  528.583  34.763  18.3443  30.6324  2643.41  58.783  38.6725  22.5152  248.065  28.0909  1.22259
233  0  56.0108  15.4745  46.8323  16.887  1765.14  47.4153  23271.9  156.795  2647.81  62.6459  34.662  16.868  7.26823  28.6728  49.3282  17.5915  60.2577  20.7079  0.835106  17.6924  1.13847
234  0  46.8872  14.1522  77.5321  17.0926  1292.88  41.1129  22843  155  1727.89  53.8399  45.0034  15.6986  19.6491  33.2468  62.0334  18.0748  28.8754  19.573  3.18712  18.7588  1.12584
235  0  7.86545  10.6947  54.6753  15.1471  639.007  30.5481  22903.6  153.362  537.024  35.8635  43.519  13.1924  4.5233  31.0414  111.246  19.2514  30.4134  19.2182  23.6816  19.3235  1.28661
236  0  195.087  19.4523  295.52  23.2828  336.75  24.7628  24680.2  159.893  1052.41  44.8011  76.1967  15.9045  12.3769  40.569  318.112  26.9322  135.781  24.3093  17.543  19.13  1.2062
237  0  473.516  28.4146  1189.41  41.218  1341.26  44.2881  23572.6  158.171  2508.65  62.5976  238.873  25.0034  37.73  37.4639  4068.65  70.0171  92.0674  24.266  108.028  24.7299  1.24307
238  0  565.51  29.452  950.677  37.4376  689.712  34.7927  23734.8  158.869  3483.32  70.7855  207.648  24.6876  51.4161  35.5874  2298.04  54.2212  61.3258  22.0971  82.3195  23.3069  1.18178
239  0  37.2704  14.1057  64.3509  16.187  797.078  33.3907  22959.2  153.91  1023.15  43.881  36.3269  13.766  21.2028  35.0684  104.564  19.3968  32.6167  19.7551  16.8502  18.5982  1.19331
240  0  1574.18  46.6086  2985.06  62.2252  1918.36  54.1285  22439.1  156.535  3587.55  74.5852  827.39  38.5326  41.5803  26.566  5704.73  81.3896  123.615  25.7867  516.107  34.1731  1.22351
241  0  59.6204  14.6657  79.1671  17.0719  1139.67  39.0777  22600.9  153.663  1427.1  50.8982  859.077  35.3227  29.1797  32.7769  163.013  21.6526  47.0555  19.8339  0.974482  17.7628  1.24804
242  0  1401.43  44.7387  2326.05  57.0229  1935.89  55.7851  23465.8  161.65  8403.12  104.764  787.714  41.1102  14.1325  29.3639  6025.81  83.9779  131.579  26.4684  405.271  32.3351  1.17205
243  0  90.6587  15.1374  151.872  18.0928  364.325  24.266  24083.7  157.04  572.059  35.9123  53.7387  12.6187  35.4701  35.0665  260.496  25.0119  43.3912  20.2295  6.62544  18.3997  1.25346
244  0  1270.31  42.2373  2165.1  54.1293  1023.24  43.0915  22840.6  160.606  7809.24  100.632  667.965  37.7385  13.9885  28.6364  4333.17  72.7946  93.3281  23.9732  317.194  28.9226  1.1529
245  0  705.099  34.092  1840.07  51.0337  3086.86  64.3313  22540.1  157.198  4657.26  82.0269  706.732  36.9967  19.5477  31.7697  4595.22  74.2519  73.6592  25.1056  262.246  29.852  1.32013
246  0  59.65  15.4759  134.411  19.74  1401.96  43.1758  24025.6  164.111  2478.66  61.8562  13.3399  16.6592  28.7425  39.1719  236.911  24.8876  55.3094  22.3517  14.8845  21.0775  1.17616
247  0  34.1719  13.3047  125.645  17.7286  446.53  26.2496  23864.9  156.381  513.146  35.4003  20.8385  11.6419  14.3315  35.1011  171.969  22.3083  13.4742  19.2793  27.8857  18.2235  1.21471
248  0  1147.13  40.5375  1955.46  52.3067  1730.34  51.5385  23129.7  158.99  6581.25  93.8741  730.877  38.6144  8.19706  30.2311  3510.53  66.156  123.37  24.8847  453.726  32.2534  1.31662
249  0  647.213  31.5569  1304.67  42.4704  1247.95  42.8469  22661.7  154.701  1663.54  53.8222  483.203  29.2174  7.75765  29.0063  7220.69  89.9125  67.227  23.9923  197.469  26.6145  1.2795
250  0  383.554  25.8031  746.047  33.5833  602.526  32.0102  23967.9  158.709  2259.98  59.6465  176.86  22.4141  84.2386  36.9718  1884.57  50.2463  82.7818  21.6665  94.1201  22.2042  1.29399
251  0  46.6568  14.0846  68.1106  16.5437  1655.16  45.8294  23081.6  156.82  2510.48  61.7901  57.141  16.4718  7.30638  30.4261  59.5601  17.8989  25.9962  18.9558  3.26534  18.1597  1.25336
252  0  39.1257  13.5574  61.2638  16.3413  1524.79  44.2242  22618  154.904  2150.84  58.3037  33.0418  16.3579  18.6999  28.7019  59.6643  17.7075  42.5978  20.1338  20.657  19.093  1.08367
253  0  78.09  14.844  103.081  16.4086  490.382  26.7578  24871.2  160.204  540.326  34.7425  44.3642  11.4102  3.81034  33.5049  126.45  20.0218  59.6778  19.9776  11.5882  17.0218  1.19974
254  0  825.041  35.5763  1756.74  49.3816  1141.37  43.8824  23312.3  159.133  6488.22  92.7208  392.25  32.1759  21.7682  31.5072  1212.6  43.1412  134.826  24.3487  207.701  26.8315  1.14528
255  0  1352.72  43.7812  2518.19  58.3182  2154.13  56.5531  22581.5  158.013  6317.31  92.7607  1155.35  44.3202  35.6765  28.3086  2686.76  58.3108  126.76  25.2462  460.902  32.5127  1.2168
256  0  60.1047  14.7245  101.344  18.0563  2369.07  53.7321  22452.1  157.697  3361.78  69.1368  183.347  22.8007  32.6731  28.8326  34.4697  16.8464  65.1802  21.3267  38.585  20.8325  1.11468
257  0  1316.96  44.2039  2994.13  63.4129  2148.25  57.8976  23455.8  161.806  12389.3  123.928  783.325  43.9719  10.0204  26.9718  2495.43  59.1059  75.8067  24.1492  457.512  33.2368  1.17837
258  0  130.196  18.7732  496.573  28.8655  811.032  34.9374  24625  162.478  1358.2  49.6831  62.2182  17.3169  26.3883  38.5431  2046.25  51.5743  29.7749  20.7878  33.1191  21.1482  1.16153
259  0  40.1211  13.4605  121.803  17.95  1109.54  38.1579  23076.2  156.508  1619.91  52.1487  8.15584  14.0882  38.433  33.8087  179.927  21.0627  54.3479  20.678  13.2099  18.7382  1.26054
260  0  65.139  14.1418  79.6249  16.7889  1794.29  47.3492  22097.1  156.531  2284.77  59.6549  126.679  19.9461  13.2109  29.8182  20.2378  16.2799  53.9505  19.542  24.2092  18.9518  1.33748
261  0  147.968  16.8916  300.529  22.4811  336.266  24.0458  24879.2  159.843  862.819  42.2824  22.7755  13.6288  13.7202  41.4806  71.4925  20.1956  52.6175  22.4169  6.64302  20.7625  1.35936
262  0  51.0157  13.9882  131.349  17.9963  463.909  26.8918  24317.4  158.233  689.436  38.1302  37.6853  12.8964  22.3323  38.4557  306.447  26.3731  11.5495  18.452  1.64162  17.5033  1.15843
263  0  867.615  37.2445  2650.81  59.576  2329.2  58.6084  22459.3  157.907  8326.76  104.113  813.972  41.2522  8.4861  26.7743  852.227  38.0395  90.1226  22.9774  469.385  32.9905  1.21945
264  0  1528.61  46.1258  2348.41  56.412  1559.84  50.2879  22369.7  156.411  4587.23  81.8872  869.336  40.0076  53.3435  28.5259  5093.72  77.5692  69.8544  24.8167  517.415  33.7818  1.09119
265  0  0.842447  11.568  81.1598  16.865  1233.96  40.2092  22498.3  154.025  1516.22  51.7911  85.1539  17.4577  14.6857  32.4825  71.9607  18.4816  60.8404  20.6072  12.4349  18.6413  1.22572
266  0  703.443  32.4479  1047.54  39.2993  937.008  38.9916  24605.5  161.975  3944.32  75.1903  319.382  28.0717  35.9034  40.276  2283.31  55.0167  72.5971  23.5188  188.164  27.2209  1.16932
267  0  1605.79  46.915  2478.66  58.0513  1374.97  48.7332  23129.7  159.498  8315.31  103.821  1069.09  44.2437  21.7638  26.6889  6030.43  83.9788  168.139  27.2494  583.725  34.5048  1.2297
268  0  1195.3  41.047  2099.95  53.2352  936.394  41.167  23113.5  158.676  7075.32  96.3568  727.352  38.475  45.7444  32.795  2537.89  57.8161  95.9627  24.6905  298.064  29.6707  1.29685
269  0  1124.9  40.5524  2174.81  54.7983  2752.52  61.6873  22000.9  155.397  4543.97  81.2979  758.408  37.839  16.9049  25.0951  12120.2  115.47  80.5604  25.9379  423.831  32.9519  1.1945
270  0  62.4933  15.2543  108.716  18.0259  1191.13  39.6517  24277.6  159.319  1852.72  54.4207  19.4371  13.8154  43.647  33.0072  126.362  20.8874  69.9332  20.888  11.9215  17.8896  1.22042
271  0  72.6347  15.3079  185.176  20.8468  1617.36  45.6546  23610.8  157.635  2853.9  64.7532  34.5013  16.4099  15.223  31.2355  395.692  28.7497  29.9902  20.1613  13.3345  20.0255  1.14371
272  0  197.595  20.5617  437.133  27.6609  856.106  35.8286  23644.6  157.06  1074.38  45.928  222.174  22.3291  28.1447  38.3575  841.356  36.9773  55.3177  21.4555  76.2576  22.1638  1.20057
273  0  743.022  33.5491  1554.59  46.3956  2029.75  52.8412  22536.6  155.329  2043.28  59.2967  417.722  29.2409  24.0071  26.9748  9129.31  100.777  101.121  24.1532  253.336  28.3131  1.12394
274  0  271.515  22.3807  464.283  27.9233  415.878  27.6969  24045  158.624  1798.53  54.2809  131.78  19.1488  63.1876  42.2021  598.753  32.6426  86.6643  22.5775  27.6747  20.2922  1.18533
275  0  35.2879  12.7868  65.3865  14.7095  482.372  26.3766  23700.3  161.642  347.27  31.4505  64.6862  12.3909  31.6613  36.0038  78.0356  18.2129  15.5829  18.3461  0.777564  17.1216  1.25056
276  0  37.221  14.2992  25.0649  15.1024  1653.65  45.8296  22476.1  154.205  2414.09  60.7878  47.3854  15.7577  22.933  28.3917  57.9905  17.5604  14.2697  18.5335  2.97651  16.5542  1.1201
277  0  60.398  15.2355  145.965  19.256  953.954  36.3196  23904.1  157.76  1634.73  52.0968  29.3178  14.7639  9.20096  34.9581  188.595  23.0302  78.4371  21.0992  53.0701  19.7296  1.15221
278  0  948.378  38.5177  2004.52  53.2393  1847.73  53.3384  22811.6  159.065  7146.23  97.2072  817.585  40.268  71.2819  28.0974  6266.04  84.9588  51.2122  23.6618  421.302  31.8269  1.19608
279  0  187.872  18.8992  365.414  24.6992  506.559  28.3532  23679.4  156.375  810.959  40.433  110.48  16.5478  27.8557  49.554  564.921  32.2068  84.9472  23.1624  33.1633  21.6296  1.26109
280  0  80.8123  16.6255  103.989  19.63  3219.72  62.6672  21897.5  153.904  5722.04  86.665  345.672  29.6246  18.7061  24.6999  60.1197  19.2456  20.1467  20.574  159.057  24.4577  1.23511
281  0  1670.39  48.3275  2931.43  62.8415  1640.29  52.731  23355.2  161.149  10808  116.808  853.24  43.7928  31.2006  27.2316  5645.96  82.4405  172.402  27.1933  559.772  34.8063  1.19757
282  0  602.044  30.8315  1098.5  40.1911  1411.83  45.4316  24022.3  159.923  2615.94  64.335  308.624  26.9678  21.1519  36.4301  3079.03  61.2055  47.132  22.7144  163.038  26.015  1.17774
283  0  1264.68  42.0888  2089.48  53.1796  1243.01  45.4847  22398.4  155.919  4275.76  78.9278  1039.53  41.7157  28.2072  30.0323  3900.12  68.6947  106.746  24.7938  361.773  30.2633  1.13216
284  0  49.8803  14.6346  55.0681  16.5868  1452.9  43.3099  23147  156.147  2028.65  56.622  30.1261  15.6184  29.1347  32.2941  132.111  20.115  58.789  20.3729  20.7911  17.9032  1.21259
285  0  35.6605  13.8886  46.2962  16.2193  1720.47  47.7525  22439.2  153.994  2220.78  58.9571  129.593  20.2092  47.2692  29.7975  25.7713  15.3065  20.1266  19.1941  15.7227  19.3965  1.16374
286  0  168.259  18.7105  321.904  23.8062  356.759  25.3399  24563.7  159.506  1186.24  46.7717  59.9301  15.7276  41.4732  33.8251  143.62  21.3108  78.6796  21.0282  30.1843  18.8156  1.22939
287  0  1653.24  47.3763  2377.53  57.793  1355  48.0671  23400.1  159.984  6405.1  93.3086  948.748  42.4675  35.8624  29.4762  4759  75.0066  116.738  25.3264  425.048  31.6022  1.18522
288  0  500.069  28.7353  1346.51  43.1774  1128.75  41.7801  23004  156.802  4154.02  76.3202  287.329  27.645  7.73285  35.8188  1569.08  47.2272  109.991  23.4346  173.91  25.4929  1.15491
289  0  118.171  16.4514  195.003  19.4977  373.107  24.4892  23314.4  154.61  504.942  33.9395  88.6442  13.7395  23.1444  44.0331  264.824  24.9201  25.7107  20.4099  2.34037  19.8568  1.16177
290  0  27.5243  13.2973  90.6284  17.0025  824.353  33.7626  23008.4  154.388  957.931  43.2132  32.1004  13.7037  63.8718  32.2678  126.926  20.102  38.1545  19.6677  10.1603  17.8689  1.18919
291  0  1359.9  44.577  2898.81  62.5729  3649.27  70.702  23153.9  160.56  6946.27  97.3619  650.516  38.6799  12.1821  23.9852  17003.8  135.643  100.922  27.6106  606.731  37.5768  1.06807
292  0  1058.48  38.8928  2110.05  53.2847  1491.37  48.5364  23273.6  159.417  4555.2  80.779  780.952  37.2614  3.13293  28.4449  6780.03  87.7297  79.1783  23.968  550.356  33.9121  1.33044
293  0  57.6224  14.6267  54.3619  16.1943  1386  42.3913  23459.8  157.286  2038.58  57.2252  6.94443  15.2183  1.68765  31.819  111.571  20.4569  57.9986  20.009  12.3928  16.8266  1.14582
294  0  1309.55  43.0508  2534.35  58.3443  2582.41  60.6625  22249.9  156.969  5343.81  87.0085  978.389  42.9743  26.0832  26.2275  9161.76  101.196  154.07  27.3098  475.772  33.9375  1.39889
295  0  48.8505  14.0811  66.1597  15.5123  689.303  31.1438  23392.5  155.006  628.967  37.9096  91.4681  15.4391  11.5075  30.7869  77.7339  18.4651  44.0278  19.4224  28.8176  18.0974  1.19531
296  0  117.292  16.9769  348.211  24.7723  597.594  30.1246  24328.3  158.71  998.307  44.1661  89.2638  16.2261  20.3005  41.1423  1090.34  40.7457  24.5491  20.8961  8.68162  20.3552  1.23488
297  0  1847.77  50.3738  2801.77  61.7714  1596.47  52.1293  23154.1  160.609  11461.7  119.743  812.975  43.671  11.3342  25.7138  2473.07  58.632  161.373  25.6212  581.581  34.5374  1.27882
298  0  127.92  18.059  276.054  22.9228  509.996  28.7019  23843.3  157.042  733.871  39.8503  108.868  17.0157  27.3557  36.6553  356.726  26.6596  61.991  20.4194  43.6551  20.0354  1.13894
299  0  857.853  35.4707  1553.29  46.2896  1618.16  48.282  22556  155.028  2041.71  58.6407  467.336  29.6931  24.3771  29.9952  6950.76  88.7737  59.1686  23.6064  193.582  27.6103  1.09658
300  0  35.5595  12.9141  115.308  16.7003  410.421  25.1023  24451.3  158.107  429.814  33.1871  23.2204  10.6192  61.0692  33.2995  79.1787  18.3991  17.567  18.5528  21.964  17.0288  1.35052
301  0  1567.18  46.3785  2689.13  59.7273  1174.54  46.0548  23032.5  162.196  10100.2  112.819  749.625  41.0241  12.7667  26.5473  4423.67  73.1712  189.1  26.4175  404.113  31.6409  1.14953
302  0  95.2539  15.8334  377.648  24.952  634.106  30.7549  23796.4  156.91  1191.79  45.9369  23.3845  13.568  31.3279  41.3265  2684.17  57.9074  47.614  21.8515  36.4144  21.385  1.32296
303  0  41.1689  14.4937  58.4919  16.7472  1328.38  41.8862  22489.7  153.708  1976.55  56.6719  20.5557  16.0247  15.5168  29.2304  51.7705  17.1148  38.1119  19.6618  1.31467  18.23  1.18441
304  0  5.64317  12.7536  79.6633  17.2927  1040.53  37.6091  23843  158.85  1493.65  50.7387  12.5094  13.8081  9.07521  32.5998  143.023  20.5221  56.3044  19.6574  7.53467  18.1628  1.27449
305  0  1132.43  39.8566  2039.73  52.7589  1611  49.9503  23158.3  161.047  7231.9  97.5013  629.419  37.0454  16.273  30.3667  3831.17  68.2012  101.947  25.5083  373.673  31.214  1.22424
306  0  949.886  36.9937  1715.41  48.3893  763.243  37.7603  23100.6  158.046  5072.98  83.4779  572.648  34.473  20.6103  32.508  3687.89  67.0167  13.5971  21.7608  233.033  28.1475  1.11511
307  0  29.399  12.7388  89.6697  16.3425  532.848  27.9599  23727.5  156.405  690.98  38.3475  44.547  13.3  41.7912  39.0542  105.436  19.5063  25.969  20.2694  14.3843  20.5083  1.20614
308  0  92.1727  15.4728  135.858  18.4147  1826.62  47.7449  22542.5  154.552  2679.3  63.7886  1.50894  16.0375  61.9187  30.0609  78.0209  18.186  73.1116  21.7526  26.8837  19.9536  1.07526
309  0  370.706  25.2834  622.084  31.637  540.702  30.9552  24828.7  161.464  2716.55  64.1192  234.077  23.7171  62.6108  40.4772  1113.13  40.74  64.043  23.3981  67.2173  23.6475  1.18222
310  0  846.897  35.365  1529.79  46.2697  876.711  39.2862  24070.6  161.159  5988.18  89.5009  501.357  33.1052  23.8286  33.5438  1146.52  42.3969  41.642  21.2738  165.816  25.0273  1.21273
311  0  59.9292  14.9207  105.168  17.1861  1081.35  37.6496  23554.7  158.43  1610  51.6135  23.1491  14.4439  13.4471  33.4656  178.612  22.0592  44.9951  19.4035  1.68169  16.5278  1.21371
312  0  2021.91  51.7725  3181.12  64.4336  1687.92  52.5161  22298.6  156.915  6081.65  91.9314  1659.08  51.1152  8.98486  27.4847  6395.3  85.9437  194.784  27.6671  662.453  36.7291  1.21947
313  0  25.3142  13.4925  30.5639  14.852  706.17  31.6272  23430.8  156.021  1002.18  43.6995  19.1055  13.3917  56.4934  38.5613  125.94  20.45  52.0958  20.6616  26.4851  19.8503  1.25913
314  0  1006.94  37.6459  1805.13  49.0608  1268.23  44.1556  22284.4  154.111  2279.77  60.8789  658.305  33.2158  57.7714  30.1739  5821.2  81.6028  87.0247  24.2577  352.084  30.8024  1.32003
315  0  82.6307  15.6591  148.197  18.6862  443.937  26.388  24599.1  158.773  512.33  35.175  27.33  12.1215  23.5129  37.6054  183.792  22.4129  108.204  21.6882  12.2886  18.2587  1.21885
316  0  1802.99  49.2784  2696.3  60.2448  1968.55  55.2087  23210.6  159.827  6004.78  91.4065  944.195  42.0481  29.6255  30.4344  4003.56  70.0585  122.455  26.0509  501.973  33.8027  1.16214
317  0  1374.4  43.9845  2166.03  54.5088  1165.4  45.1215  22378.6  156.341  5045.04  84.7555  1041.09  42.4566  53.594  29.9943  4007.72  69.5335  156.879  25.7268  489.996  32.888  1.20318
318  0  29.957  13.0827  73.6532  16.6144  990.119  36.5101  22848  154.935  1178.72  47.0135  133.981  18.5671  26.115  32.6525  71.289  18.0168  44.8321  19.1886  26.8883  18.4424  1.41976
319  0  1457.63  44.7789  2138.04  54.2911  1129.35  44.58  23797.4  161.143  6824.24  95.7488  801.642  40.5066  20.546  30.5669  4169.09  71.3364  131.686  25.2992  432.212  32.0201  1.29189
320  0  1029.63  39.2406  1834.15  50.9742  1655.69  50.6503  23897.6  161.378  5821.27  89.6808  868.639  39.9558  7.37981  32.7084  4024.58  70.0411  157.656  26.2159  664.874  36.6723  1.2784
321  0  1537.57  46.9878  3324.72  66.4189  1672.22  53.791  23184.8  161.276  14501.1  132.89  888.087  45.9146  29.6117  24.7949  1859.86  53.2839  309.082  29.2724  564.68  34.6852  1.20881
322  0  32.5501  13.311  73.4948  16.4836  1565.02  44.5143  23542.7  157.095  2315.45  59.666  35.1407  16.0765  53.939  31.9824  93.2246  19.437  83.2771  21.4243  53.9788  20.1008  1.27949
323  0  301.639  23.1579  477.222  28.3368  598.703  31.2735  23127  155.344  1081.97  45.9187  191.563  21.0346  10.0737  45.3644  1037.52  39.8532  85.7128  22.3739  105.116  23.0483  1.21866
324  0  28.5192  12.48  95.0959  15.9716  628.821  29.4896  23367.8  154.697  636.489  37.0918  39.6235  11.4085  45.4668  34.4606  106.205  19.47  26.8351  18.5004  42.5934  19.3667  1.22934
325  0  480.603  28.1605  1340.94  43.0392  1999.4  51.8158  22457.1  154.446  2074.96  57.7184  260.598  24.1837  25.2546  26.3615  9486.72  102.58  18.3288  22.8369  171.294  26.5949  1.10178
326  0  22.4661  12.9395  106.246  17.243  552.156  28.7209  24247  157.945  731.296  39.5508  0.0191924  11.4254  26.7443  35.0544  105.202  19.9343  59.3533  20.7149  0.101073  17.4168  1.21897
327  0  1360.51  44.1164  2434.08  57.7254  2680.18  61.736  23322.3  160.324  6236.96  92.6782  843.736  40.301  38.5737  28.5676  6913.31  89.4099  163.158  27.1799  541.651  34.7444  1.11274
328  0  1212.26  41.6849  2216.43  55.0394  1264.45  46.6709  23389.7  164.25  9355.91  108.917  576.234  38.2534  41.142  27.9714  4477.29  73.4813  168.823  26.2638  436.014  32.1576  1.21354
329  0  88.3859  15.7872  99.4838  17.5919  1547.85  44.61  23291.3  157.1  2316.59  60.4635  50.6916  16.6466  24.5052  30.906  66.0128  18.2963  24.7533  19.4815  35.9822  17.2425  1.15907
330  0  2.16717  11.6397  69.9941  16.4029  939.947  35.5832  23085.7  154.878  1094.89  45.4461  26.9735  13.8629  22.3831  32.6746  127.882  20.6489  31.1037  20.03  33.0838  17.7569  1.23508
331  0  42.7069  14.2339  78.9263  17.9344  2322.49  54.0065  22063.7  154.048  3981.52  74.9432  127.729  22.8152  4.82549  27.145  23.4762  17.5876  43.8255  21.6818  63.6719  22.5814  1.1656
332  0  750.3  33.837  1453.92  45.2449  826.969  38.2642  24237.9  162.34  5805.39  88.2027  363.182  29.9201  86.5369  34.3145  2561.66  58.0061  48.6865  22.1955  285.642  28.8045  1.14976
333  0  468.913  29.7777  1658.12  48.5009  2372.75  57.3978  23248.6  158.732  4083.95  77.4676  798.351  37.7966  50.9295  30.5486  5943.5  82.9419  102.562  25.2499  351.393  30.818  1.2404
334  0  1606.21  47.7352  2715.82  60.9709  1580.51  51.956  23092.2  161.473  12241.5  122.706  703.189  42.5109  7.42283  26.8444  4988.45  78.9707  86.0718  25.6727  511.915  34.5543  1.26691
335  0  46.7677  13.1342  135.768  17.2947  440.222  25.7958  23637.8  155.587  529.262  35.1432  20.303  11.2311  15.2955  36.5917  186.949  22.5854  58.352  20.0434  30.1263  18.7441  1.16716
336  0  54.0864  14.3616  116.083  18.3879  1910.54  49.0171  22723.1  155.309  3292.02  68.8879  37.496  17.5233  0.28381  29.0917  23.7416  16.8064  72.6818  22.0294  31.1989  19.6441  1.17883
337  0  1332.92  43.8875  2238.65  56.4123  2693.64  62.4777  22725.7  158.712  6309.84  93.6762  1297.66  47.4022  28.3991  28.8062  5248.86  78.8214  178.578  27.0039  573.372  35.1837  1.15205
338  0  1469.89  45.115  2354.15  56.3726  1030.57  43.7475  22790.5  158.106  7432.98  98.8831  958.071  42.565  45.6365  28.8681  5895.31  83.5257  178.555  26.2772  454.289  32.8668  1.22379
339  0  1518.6  45.3797  2280.93  55.4083  1060.67  43.6959  22650.8  157.364  6383.55  92.7896  912.245  41.331  27.8289  29.5679  5114.77  77.9142  155.398  26.4154  452.814  32.7657  1.11639
340  0  3649.33  68.1365  5331.72  82.5837  2897.84  67.6295  20942.4  155.064  8658.35  108.833  2431.02  63.3579  15.0456  23.4852  12471.1  117.64  246.76  31.0869  1190.22  45.4437  1.27407
341  0  983.329  37.6358  1617.38  47.6126  879.021  39.7884  23832.5  160.563  6369.75  91.9704  530.737  34.6535  19.0565  32.8191  2391.4  56.4257  106.148  24.2693  260.244  28.5209  1.16594
342  0  60.5789  14.4597  97.2613  17.3443  1223.2  40.0659  23487.9  156.769  1803.27  54.7557  30.5581  16.053  22.7933  38.9066  173.546  22.756  72.0512  23.0773  46.8171  21.0856  1.27186
343  0  1820.47  49.7649  2956.39  62.6769  2034.76  56.2362  22177.3  156.619  6705.19  95.7018  1309.2  47.4733  70.1727  25.9022  7369.45  91.6415  169.718  27.3328  615.011  35.7083  1.30544
344  0  29.0678  13.6892  89.7494  16.9343  889.069  35.2239  23470.6  155.978  1243.17  47.647  15.1175  13.7807  37.305  34.2513  93.9813  19.5862  14.1506  18.6984  22.1067  18.0597  1.36772
345  0  1314.46  42.5  2348.2  55.6277  1753.77  51.2079  22228.1  154.843  2683.51  65.7945  822.292  37.189  23.7123  30.2206  5791.81  81.8747  97.4987  24.347  518.134  34.1206  1.30566
346  0  1170.79  40.871  1731.79  49.3607  1105.21  43.3816  23786.6  160.415  4820.32  82.2289  753.364  37.097  17.3805  33.8832  2875.88  60.0466  92.9321  24.5739  206.657  27.3752  1.30622
347  0  52.6293  14.4582  104.045  17.6088  975.494  36.2563  24434.8  159.965  1664.95  53.1794  40.1576  14.3614  0.827312  32.5691  128.999  20.5432  10.8603  19.0421  6.84064  17.9772  1.33614
348  0  1044.85  38.6791  1567.89  47.2378  909.669  40.412  23511.2  159.461  5563.4  87.0988  571.234  34.4338  2.08644  33.6675  3883  68.3864  117.602  25.1211  258.474  28.5156  1.3304
349  0  1468.29  44.8707  2387  56.7577  1283.49  46.8263  22261.9  156.247  5643.3  88.5664  1087.53  43.5262  25.2153  28.753  4429.71  72.8215  118.399  24.9521  479.169  32.7222  1.23196
350  0  93.8757  15.0978  224.806  20.1441  397.549  24.7144  23074.7  153.375  307.641  29.1943  36.9764  11.4518  31.425  38.0049  216.958  23.1122  95.3016  21.2755  3.32369  18.0338  1.15387

